/*--------------------------------*- C++ -*----------------------------------*\
| =========                 |                                                 |
| \\      /  F ield         | OpenFOAM: The Open Source CFD Toolbox           |
|  \\    /   O peration     | Version:  2.3.0                                 |
|   \\  /    A nd           | Web:      www.OpenFOAM.org                      |
|    \\/     M anipulation  |                                                 |
\*---------------------------------------------------------------------------*/
FoamFile
{
    version     2.0;
    format      ascii;
    class       labelList;
    note        "nPoints:10416  nCells:9606  nFaces:34027  nInternalFaces:14003";
    location    "constant/polyMesh";
    object      neighbour;
}
// * * * * * * * * * * * * * * * * * * * * * * * * * * * * * * * * * * * * * //


14003
(
128
126
3
6
4
5
1615
8
7
1615
12
9
2204
20
11
14
28
13
1746
16
15
1620
18
17
1744
32
19
1623
40
21
2206
22
23
2209
24
25
2211
26
27
2213
36
29
1619
30
31
1625
38
33
1742
34
35
1739
42
37
2215
44
39
1645
62
41
1663
64
43
1614
128
45
2217
46
47
2219
48
49
2221
50
51
2223
52
53
2225
54
55
2227
56
57
2229
58
59
2231
60
61
2233
349
63
1647
72
65
1665
66
67
1667
68
69
1669
70
71
1671
116
73
1649
74
75
1651
76
77
1653
78
79
1655
80
81
1657
82
83
1659
84
85
1661
86
87
1679
88
89
1681
90
91
1683
92
93
1691
94
95
1693
96
97
1695
98
99
1699
100
101
1701
102
103
1703
104
105
1705
106
107
1707
108
109
1709
110
111
1711
112
113
1713
114
115
1715
162
117
1673
118
119
1687
120
121
1689
122
123
1697
124
125
1618
127
127
1610
1616
1612
130
135
131
132
1863
133
134
1864
992
136
1862
137
138
1868
139
140
1870
141
142
1872
143
144
1874
145
146
1876
147
148
1878
149
150
1880
151
152
1882
153
154
1884
155
156
1886
157
158
1888
159
160
1890
161
298
163
1717
164
165
2050
166
167
2052
168
169
2054
170
171
2056
172
173
2058
174
175
2060
176
177
2062
178
179
2064
180
181
2066
182
183
2068
184
185
2070
186
187
2072
188
189
2074
190
191
2076
192
193
2078
194
195
2080
196
197
2082
198
199
2084
200
201
2086
202
203
2088
204
205
2090
206
207
2092
208
209
2094
210
211
2096
212
213
2098
214
215
2100
216
217
2102
218
219
2104
220
221
2106
222
223
2108
224
225
2110
226
227
2112
228
229
2114
230
231
2116
232
233
2118
234
235
2120
236
237
2122
238
239
2124
240
241
2126
242
243
2128
244
245
2130
246
247
2132
248
249
2134
250
251
2136
252
253
2138
254
255
2140
256
257
2142
258
259
2144
260
261
2146
262
263
2148
264
265
2150
266
267
2152
268
269
2154
270
271
2156
272
273
2158
274
275
2160
276
277
2162
278
279
2164
280
281
2166
282
283
2168
284
285
2170
286
287
2172
288
289
2174
290
291
2176
292
293
2178
294
295
2180
296
297
2182
661
299
1892
300
301
1894
302
303
1896
304
305
1898
306
307
1900
308
309
1902
310
311
1904
312
313
1906
314
315
1908
316
317
1910
318
319
1912
320
321
1914
322
323
1916
324
325
1918
326
327
1920
328
329
1922
330
331
1924
332
333
1926
334
335
1928
336
337
1930
338
339
1932
340
341
1934
342
343
1936
344
345
1938
346
347
1940
348
422
350
2235
351
352
2237
353
354
2239
355
356
2241
357
358
2243
359
360
2245
361
362
2247
363
364
2249
365
366
2251
367
368
2253
369
370
2255
371
372
2257
373
374
2259
375
376
2261
377
378
2263
379
380
2265
381
382
2267
383
384
2269
385
386
2271
387
388
2273
389
390
2275
391
392
2277
393
394
2279
395
396
2281
397
398
2283
399
400
401
2285
402
403
2287
404
405
2289
406
407
2291
408
409
2293
410
411
2295
412
413
2297
414
415
2335
416
417
2347
418
419
2349
420
421
2351
506
423
1942
424
425
1944
426
427
1946
428
429
1948
430
431
1950
432
433
1952
434
435
1954
436
437
1956
438
439
1958
440
441
1960
442
443
1962
444
445
1964
446
447
1966
448
449
1968
450
451
1970
452
453
1972
454
455
1974
456
457
1976
458
459
1978
460
461
1980
462
463
1982
464
465
1984
466
467
1986
468
469
1988
470
471
1990
472
473
1992
474
475
1994
476
477
1996
478
479
1998
480
481
2000
482
483
2002
484
485
2004
486
487
2006
488
489
2008
490
491
2010
492
493
2012
494
495
2014
496
497
2016
498
499
2018
500
501
2020
502
503
2022
504
505
2024
548
507
2353
508
509
2355
510
511
2357
512
513
2359
514
515
2361
516
517
518
2363
519
520
2364
521
522
523
2366
524
525
2367
526
527
2369
528
529
2371
530
531
2372
532
533
2374
534
535
2376
536
537
2377
538
539
2379
540
541
2381
542
543
2383
544
545
2385
546
547
2387
558
549
2026
550
551
2337
552
553
2339
554
555
2341
556
557
2343
795
559
2706
972
561
566
562
563
1720
564
565
1723
574
567
1719
568
569
1721
570
571
1725
572
573
1727
576
575
1729
578
577
1733
600
579
1731
580
581
1735
582
583
2186
584
585
2188
586
587
2190
588
589
2192
590
591
2194
592
593
2196
594
595
2198
596
597
2200
598
599
2202
2306
601
1762
602
603
1792
604
605
1790
606
607
1789
608
609
1787
610
611
1785
612
613
1783
614
615
1782
616
617
1780
618
619
1778
620
621
1642
622
623
1640
624
625
1638
626
627
628
1637
629
630
1639
631
632
1675
633
634
1685
635
636
2307
637
638
2309
639
640
2311
641
642
2313
643
644
2315
645
646
2317
647
648
2319
649
650
2321
651
652
2323
653
654
2325
655
656
2327
657
658
2329
659
660
2331
981
662
2184
663
664
2389
665
666
2392
667
668
2394
669
670
2396
671
672
2398
673
674
2400
675
676
2463
677
678
2466
679
680
2468
681
682
2470
683
684
2472
685
686
2474
687
688
2476
689
690
2479
691
692
2481
693
694
2483
695
696
2485
697
698
2487
699
700
2489
701
702
2491
703
704
2493
705
706
2495
707
708
2497
709
710
2499
711
712
2501
713
714
2503
715
716
2505
717
718
2507
719
720
2509
721
722
2511
723
724
2513
725
726
2515
727
728
2517
729
730
2519
731
732
2521
733
734
2523
735
736
2525
737
738
2527
739
740
2529
741
742
2531
743
744
2533
745
746
2535
747
748
2537
749
750
2539
751
752
2541
753
754
2543
755
756
2545
757
758
2547
759
760
2549
761
762
2551
763
764
2553
765
766
2555
767
768
2557
769
770
2559
771
772
2561
773
774
2563
775
776
2565
777
778
2567
779
780
2569
781
782
2571
783
784
2573
785
786
2575
787
788
2577
789
790
2580
791
792
2582
793
794
2584
1054
796
2345
797
798
2402
799
800
2405
801
802
2407
803
804
2409
805
806
2411
807
808
2413
809
810
2415
811
812
2417
813
814
2419
815
816
2421
817
818
2423
819
820
2425
821
822
2427
823
824
2429
825
826
2431
827
828
2433
829
830
2435
831
832
2437
833
834
2439
835
836
2441
837
838
2443
839
840
2445
841
842
2447
843
844
2449
845
846
2451
847
848
2453
849
850
2455
851
852
2457
853
854
2459
855
856
2461
1621
858
859
952
860
2588
861
862
2593
863
864
2595
865
866
2597
867
868
2599
869
870
2601
871
872
2603
873
874
2605
875
876
2607
877
878
2609
879
880
2611
881
882
2613
883
884
2615
885
886
2617
887
888
889
2619
890
891
2638
892
893
2640
894
895
2642
896
897
2644
898
899
2646
900
901
2648
902
903
2650
904
905
2652
906
907
2654
908
909
2656
910
911
2658
912
913
2660
914
915
2662
916
917
2664
918
919
2666
920
921
2668
922
923
2670
924
925
2672
926
927
2674
928
929
2676
930
931
2678
932
933
2680
934
935
2682
936
937
2684
938
939
2686
940
941
2688
942
943
2690
944
945
2691
946
947
2693
948
949
2695
950
951
2697
1622
953
2590
954
955
2591
956
957
2620
958
959
2622
960
961
2624
962
963
2626
964
965
2628
966
967
2630
968
969
2632
970
971
2634
1049
973
2708
974
2793
975
976
2796
977
978
2798
979
980
2800
1644
982
2333
983
2710
984
985
2713
986
987
2715
988
989
2717
990
991
2719
1678
993
1866
994
2721
995
996
2724
997
998
2726
999
1000
2728
1001
1002
2730
1003
1004
2732
1005
1006
2734
1007
2736
1008
1009
2739
1010
1011
2741
1012
1013
2743
1014
1015
2745
1016
1017
2747
1018
1019
2749
1020
1021
2751
1022
1023
2753
1024
1025
2755
1026
1027
2757
1028
1029
2759
1030
1031
2761
1032
1033
2763
1034
2765
1035
1036
2768
1037
1038
2770
1039
1040
2772
1041
1042
2774
1043
1044
2776
1045
1046
2778
1047
1048
2780
1677
1050
2636
1051
2699
1052
1053
2702
1067
1055
2586
1056
2802
1057
1058
2805
1059
1060
2807
1061
1062
2809
1063
1064
2811
1065
1066
2813
1643
1068
2704
1069
2791
1070
1071
2789
1072
1073
2787
1074
1075
2785
1076
1077
2782
1078
1760
1079
1080
1758
1081
1082
1756
1083
1084
1740
1085
1086
1737
1613
1088
1096
1089
1854
1090
1091
1852
1092
1093
1850
1094
1095
1848
1100
1097
1856
1098
1099
1858
1152
1101
1846
1102
1103
1844
1104
1105
1842
1106
1107
1840
1108
1109
1838
1110
1111
1836
1112
1113
1834
1114
1115
1832
1116
1117
1830
1118
1119
1828
1120
1121
1826
1122
1123
1824
1124
1125
1822
1126
1127
1820
1128
1129
1818
1130
1131
1816
1132
1133
1814
1134
1135
1812
1136
1137
1810
1138
1139
1808
1140
1141
1806
1142
1143
1804
1144
1145
1802
1146
1147
1800
1148
1149
1798
1150
1151
1796
1174
1153
1860
1154
1155
2028
1156
1157
2030
1158
1159
2032
1160
1161
2034
1162
1163
2036
1164
1165
2038
1166
1167
2040
1168
1169
2042
1170
1171
2044
1172
1173
2046
1208
1175
1794
1176
1177
1776
1178
1179
1774
1180
1181
1772
1182
1183
1770
1184
1185
1768
1186
1187
1766
1188
1189
1764
1190
1191
1754
1192
1193
1752
1194
1195
1750
1196
1197
1748
1198
1199
1635
1200
1201
1633
1202
1203
1631
1204
1205
1629
1206
1207
1627
1611
1209
2048
1210
1211
2299
1212
1213
2301
1214
1215
2303
2305
1217
1221
1218
3953
1219
1220
3955
1235
1222
3951
1223
1224
3950
1225
1226
3948
1227
1228
3997
1229
1230
3999
1231
1232
4001
1233
1234
4003
1241
1236
3957
1237
1238
3959
1239
1240
3961
1243
1242
4005
1275
1244
3963
1245
1246
3965
1247
1248
3967
1249
1250
3969
1251
1252
3971
1253
1254
3973
1255
1256
3975
1257
1258
3977
1259
1260
3979
1261
1262
3981
1263
1264
3983
1265
1266
3985
1267
1268
3987
1269
1270
3989
1271
1272
3991
1273
1274
3993
1277
1276
4007
1281
1278
3995
1279
1280
4011
3947
1282
4009
1283
4013
1284
1285
4016
1286
1287
4018
1288
4020
1289
1290
4023
1291
1292
4025
1293
1294
4027
1295
1296
4029
1297
1298
4031
1299
1300
4033
1301
1302
4035
1303
1304
4037
1305
1306
4039
1307
1308
4041
1309
1310
4043
1311
1312
4045
1313
1314
4047
1315
1316
4049
1317
1318
4051
1319
1320
4053
1321
1322
4055
1323
1324
4057
1325
1326
4059
1327
1328
4061
1329
1330
4063
1331
1332
4065
1333
1334
4067
1335
1336
4069
1337
1338
4071
1339
1340
4073
1341
1342
4075
1343
1344
4077
1345
1346
4079
1347
1348
4081
1349
1350
4083
1351
1352
4085
1353
1354
4087
1355
1356
4089
1357
1358
4091
1359
1360
4093
1361
1362
4095
1363
1364
4097
1365
1366
4099
1367
1368
4101
1369
1370
4103
1371
1372
4105
1373
1374
4107
1375
1376
4109
1377
1378
4111
1379
1380
4113
1381
1382
4115
1383
1384
4117
1385
1386
4119
1387
1388
4121
1389
1390
4123
1391
1392
4125
1393
1394
4127
1395
1396
4129
1397
1398
4131
1399
1400
4133
1401
1402
4135
1403
1404
4137
1405
1406
4139
1407
1408
4141
1409
1410
4143
1411
1412
4145
1413
1414
4147
1415
1416
4149
1417
1418
4151
1419
1420
4153
1421
1422
4155
1423
1424
4157
1425
1426
4159
1427
1428
4161
1429
4163
3947
1431
1442
1432
1433
4166
1434
1435
4168
1436
1437
4170
1438
1439
4172
1440
1441
4176
1444
1443
4167
1448
1445
4178
1446
1447
4184
1450
1449
4174
1559
1451
4187
1452
1453
4189
1454
1455
4192
1456
1457
4194
1458
1459
4196
1460
1461
4198
1462
1463
4200
1464
1465
4202
1466
1467
4204
1468
1469
4206
1470
1471
4208
1472
1473
4210
1474
1475
4212
1476
1477
4215
1478
1479
4217
1480
1481
4220
1482
1483
4222
1484
1485
4224
1486
1487
4226
1488
1489
4228
1490
1491
4230
1492
1493
4232
1494
1495
4234
1496
1497
4236
1498
1499
4238
1500
1501
4240
1502
1503
4242
1504
1505
4244
1506
1507
4246
1508
1509
4248
1510
1511
4250
1512
1513
4252
1514
1515
4254
1516
1517
4256
1518
1519
4258
1520
1521
4260
1522
1523
4262
1524
1525
4264
1526
1527
4266
1528
1529
4268
1530
4322
1531
1532
4325
1533
1534
4327
1535
1536
4329
1537
1538
4331
1539
1540
4333
1541
1542
4335
1543
1544
4337
1545
1546
4339
1547
1548
4341
1549
1550
4343
1551
1552
4345
1553
1554
4347
1555
1556
4349
1557
1558
4351
4180
1560
4182
1561
4320
1562
1563
4318
1564
1565
4315
1566
1567
4283
1568
1569
4273
1570
1571
4272
1572
1573
4270
1574
1575
4275
1576
1577
4277
1578
1579
4279
1580
1581
4281
1582
1583
4285
1584
1585
4288
1586
1587
4290
1588
1589
4292
1590
1591
4294
1592
1593
4296
1594
1595
4298
1596
1597
4300
1598
1599
4302
1600
1601
4304
1602
1603
4306
1604
1605
4308
1606
1607
4311
1608
1609
4313
4181
1611
1617
1613
1614
1738
2205
1617
1618
1628
2822
1620
1626
1624
1622
2857
2839
1624
1664
2852
1626
1646
2853
1628
1630
2826
1630
1632
2840
1632
1634
2842
1634
1636
2844
1636
1749
2858
1638
1639
1641
1676
1641
1642
2833
1779
1644
2880
2855
1646
1648
2902
1648
1650
2904
1650
1652
2906
1652
1654
2908
1654
1656
2910
1656
1658
2912
1658
1660
2914
1660
1662
2916
1662
1680
2918
1664
1666
2884
1666
1668
2886
1668
1670
2888
1670
1672
2890
1672
1674
2892
1674
1688
2894
1676
1686
2834
1678
2957
2865
1680
1682
2920
1682
1684
2922
1684
1692
2924
1686
2308
2846
1688
1690
2896
1690
1698
2898
1692
1694
2926
1694
1696
2928
1696
1700
2930
1698
2822
2900
1700
1702
2932
1702
1704
2934
1704
1706
2936
1706
1708
2938
1708
1710
2940
1710
1712
2942
1712
1714
2944
1714
1716
2946
1716
1718
2948
1718
2051
2950
1720
1722
1724
1722
1726
2832
1724
1730
2832
1726
1728
2954
1728
1734
2993
1730
1732
2956
1732
1736
3378
1734
1763
3128
1736
2187
3380
1738
1741
1739
1743
1741
1757
2825
1743
1745
2825
1745
1747
2861
1747
2205
2836
1749
1751
2860
1751
1753
3428
1753
1755
3430
1755
1765
3432
1757
1759
2961
1759
1761
2997
1761
2784
2980
1763
2831
3130
1765
1767
3434
1767
1769
3436
1769
1771
3438
1771
1773
3440
1773
1775
3442
1775
1777
3444
1777
1795
3446
1779
1781
2835
1781
1782
2984
1784
1784
1786
2986
1786
1788
2988
1788
1789
2990
1791
1791
1793
2992
1793
2831
3001
1795
1797
3448
1797
1799
3450
1799
1801
3452
1801
1803
3454
1803
1805
3456
1805
1807
3458
1807
1809
3460
1809
1811
3462
1811
1813
3464
1813
1815
3466
1815
1817
3468
1817
1819
3470
1819
1821
3472
1821
1823
3474
1823
1825
3476
1825
1827
3478
1827
1829
3480
1829
1831
3482
1831
1833
3484
1833
1835
3486
1835
1837
3488
1837
1839
3490
1839
1841
3492
1841
1843
3494
1843
1845
3496
1845
1847
3498
1847
1849
3500
1849
1851
3502
1851
1853
3504
1853
1855
3506
1855
1857
3508
1857
1859
3510
1859
1861
3512
1861
2029
3514
1863
1869
1865
1865
1867
3133
1867
2723
3134
1869
1871
3132
1871
1873
3138
1873
1875
3140
1875
1877
3142
1877
1879
3144
1879
1881
3146
1881
1883
3148
1883
1885
3150
1885
1887
3152
1887
1889
3154
1889
1891
3156
1891
1893
3158
1893
1895
3160
1895
1897
3162
1897
1899
3163
1899
1901
3165
1901
1903
3167
1903
1905
3169
1905
1907
3171
1907
1909
3173
1909
1911
3175
1911
1913
3177
1913
1915
3179
1915
1917
3181
1917
1919
3183
1919
1921
3185
1921
1923
3187
1923
1925
3189
1925
1927
3191
1927
1929
3193
1929
1931
3195
1931
1933
3197
1933
1935
3201
1935
1937
3203
1937
1939
3205
1939
1941
3207
1941
1943
3209
1943
1945
3211
1945
1947
3213
1947
1949
3214
1949
1951
3216
1951
1953
3218
1953
1955
3220
1955
1957
3222
1957
1959
3224
1959
1961
3226
1961
1963
3228
1963
1965
3230
1965
1967
3232
1967
1969
3234
1969
1971
3236
1971
1973
3238
1973
1975
3240
1975
1977
3242
1977
1979
3244
1979
1981
3246
1981
1983
3248
1983
1985
3250
1985
1987
3252
1987
1989
3254
1989
1991
3256
1991
1993
3258
1993
1995
3260
1995
1997
3262
1997
1999
3264
1999
2001
3266
2001
2003
3268
2003
2005
3270
2005
2007
3272
2007
2009
3274
2009
2011
3276
2011
2013
3278
2013
2015
3280
2015
2017
3282
2017
2019
3284
2019
2021
3286
2021
2023
3287
2023
2025
3289
2025
2027
3291
2027
2338
3293
2029
2031
3516
2031
2033
3518
2033
2035
3520
2035
2037
3522
2037
2039
3524
2039
2041
3526
2041
2043
3528
2043
2045
3530
2045
2047
3532
2047
2049
3534
2049
2300
3536
2051
2053
2952
2053
2055
3003
2055
2057
3005
2057
2059
3007
2059
2061
3009
2061
2063
3011
2063
2065
3013
2065
2067
3015
2067
2069
3017
2069
2071
3019
2071
2073
3021
2073
2075
3023
2075
2077
3025
2077
2079
3027
2079
2081
3029
2081
2083
3031
2083
2085
3033
2085
2087
3035
2087
2089
3037
2089
2091
3039
2091
2093
3041
2093
2095
3043
2095
2097
3045
2097
2099
3047
2099
2101
3049
2101
2103
3051
2103
2105
3053
2105
2107
3055
2107
2109
3057
2109
2111
3059
2111
2113
3061
2113
2115
3063
2115
2117
3065
2117
2119
3067
2119
2121
3069
2121
2123
3071
2123
2125
3073
2125
2127
3075
2127
2129
3077
2129
2131
3079
2131
2133
3081
2133
2135
3083
2135
2137
3085
2137
2139
3087
2139
2141
3089
2141
2143
3091
2143
2145
3093
2145
2147
3095
2147
2149
3097
2149
2151
3099
2151
2153
3101
2153
2155
3103
2155
2157
3105
2157
2159
3107
2159
2161
3109
2161
2163
3111
2163
2165
3113
2165
2167
3115
2167
2169
3117
2169
2171
3119
2171
2173
3121
2173
2175
3123
2175
2177
3125
2177
2179
3127
2179
2181
3311
2181
2183
3313
2183
2185
3315
2185
2391
3317
2187
2189
3382
2189
2191
3384
2191
2193
3386
2193
2195
3388
2195
2197
3390
2197
2199
3392
2199
2201
3394
2201
2203
3396
2203
2999
3398
2205
2208
2207
2210
2208
2881
2837
2210
2212
2883
2212
2214
2963
2214
2216
2965
2216
2218
2967
2218
2220
2972
2220
2222
2975
2222
2224
3198
2224
2226
3200
2226
2228
3297
2228
2230
3299
2230
2232
3301
2232
2234
3303
2234
2236
3305
2236
2238
3307
2238
2240
3309
2240
2242
3321
2242
2244
3323
2244
2246
3325
2246
2248
3327
2248
2250
3329
2250
2252
3331
2252
2254
3333
2254
2256
3335
2256
2258
3337
2258
2260
3339
2260
2262
3341
2262
2264
3343
2264
2266
3345
2266
2268
3347
2268
2270
3349
2270
2272
3351
2272
2274
3353
2274
2276
3355
2276
2278
3357
2278
2280
3359
2280
2282
3361
2282
2284
3363
2284
2286
3365
2286
2288
3367
2288
2290
3369
2290
2292
3370
2292
2294
3372
2294
2296
3374
2296
2298
3376
2298
2336
2830
2300
2302
3538
2302
2304
3540
2304
2995
3542
2306
2996
3000
2308
2310
2863
2310
2312
3400
2312
2314
3402
2314
2316
3404
2316
2318
3406
2318
2320
3408
2320
2322
3410
2322
2324
3412
2324
2326
3414
2326
2328
3416
2328
2330
3418
2330
2332
3420
2332
2334
3422
2334
2712
3424
2336
2348
2821
2338
2340
3295
2340
2342
3544
2342
2344
3546
2344
2346
3548
2346
2404
3550
2348
2350
2819
2350
2352
2816
2352
2354
2815
2354
2356
2823
2356
2358
2850
2358
2360
2877
2360
2362
2870
2362
2363
2868
2365
2365
2366
2867
2368
2368
2370
2869
2370
2371
2872
2373
2373
2375
2874
2375
2376
2876
2378
2378
2380
2851
2380
2382
2848
2382
2384
2824
2384
2386
2817
2386
2388
2815
2388
2707
2816
2390
2393
2391
3739
3319
2393
2395
3741
2395
2397
3742
2397
2399
3744
2399
2401
3746
2401
2465
3748
2403
2406
2404
3866
3552
2406
2408
3868
2408
2410
3869
2410
2412
3871
2412
2414
3873
2414
2416
3875
2416
2418
3877
2418
2420
3879
2420
2422
3881
2422
2424
3883
2424
2426
3885
2426
2428
3887
2428
2430
3889
2430
2432
3891
2432
2434
3893
2434
2436
3895
2436
2438
3897
2438
2440
3899
2440
2442
3901
2442
2444
3903
2444
2446
3905
2446
2448
3907
2448
2450
3909
2450
2452
3911
2452
2454
3913
2454
2456
3915
2456
2458
3917
2458
2460
3919
2460
2462
3921
2462
2856
3923
2464
2467
2465
3752
3750
2467
2469
3754
2469
2471
3755
2471
2473
3757
2473
2475
3759
2475
2478
3761
2477
2480
2478
3765
3763
2480
2482
3767
2482
2484
3768
2484
2486
3770
2486
2488
3772
2488
2490
3774
2490
2492
3776
2492
2494
3778
2494
2496
3780
2496
2498
3782
2498
2500
3784
2500
2502
3786
2502
2504
3788
2504
2506
3790
2506
2508
3792
2508
2510
3794
2510
2512
3796
2512
2514
3798
2514
2516
3800
2516
2518
3802
2518
2520
3804
2520
2522
3806
2522
2524
3808
2524
2526
3810
2526
2528
3812
2528
2530
3814
2530
2532
3816
2532
2534
3818
2534
2536
3820
2536
2538
3822
2538
2540
3824
2540
2542
3826
2542
2544
3828
2544
2546
3830
2546
2548
3832
2548
2550
3834
2550
2552
3836
2552
2554
3838
2554
2556
3840
2556
2558
3842
2558
2560
3844
2560
2562
3846
2562
2564
3848
2564
2566
3850
2566
2568
3852
2568
2570
3854
2570
2572
3856
2572
2574
3858
2574
2576
3860
2576
2579
3862
2578
2581
2579
3925
3864
2581
2583
3927
2583
2585
3928
2585
2587
3930
2587
2804
3932
2589
2594
2590
3679
2592
2592
2621
3681
2594
2596
3677
2596
2598
3675
2598
2600
3673
2600
2602
3671
2602
2604
3669
2604
2606
3667
2606
2608
3639
2608
2610
3637
2610
2612
3635
2612
2614
3633
2614
2616
3631
2616
2618
3629
2618
2619
3628
2639
2621
2623
3682
2623
2625
3684
2625
2627
3686
2627
2629
3688
2629
2631
3690
2631
2633
3692
2633
2635
3694
2635
2637
3696
2637
2701
3698
2639
2641
3626
2641
2643
3640
2643
2645
3642
2645
2647
3644
2647
2649
3646
2649
2651
3648
2651
2653
3650
2653
2655
3652
2655
2657
3654
2657
2659
3656
2659
2661
3658
2661
2663
3660
2663
2665
3662
2665
2667
3664
2667
2669
3666
2669
2671
3702
2671
2673
3705
2673
2675
3707
2675
2677
3709
2677
2679
3711
2679
2681
3713
2681
2683
3714
2683
2685
3716
2685
2687
3718
2687
2689
3720
2689
2690
3722
2692
2692
2694
3724
2694
2696
3726
2696
2698
3728
2698
2838
3730
2700
2703
2701
3556
3700
2703
2705
3554
2705
2959
3557
2707
2709
2818
2709
2795
2820
2711
2714
2712
3561
3426
2714
2716
3559
2716
2718
3562
2718
2720
3564
2720
2866
3566
2722
2725
2723
3585
3136
2725
2727
3583
2727
2729
3586
2729
2731
3588
2731
2733
3590
2733
2735
3592
2735
2738
3594
2737
2740
2738
3600
3596
2740
2742
3598
2742
2744
3601
2744
2746
3603
2746
2748
3605
2748
2750
3607
2750
2752
3609
2752
2754
3611
2754
2756
3613
2756
2758
3615
2758
2760
3616
2760
2762
3618
2762
2764
3620
2764
2767
3622
2766
2769
2767
3568
3624
2769
2771
3570
2771
2773
3571
2773
2775
3573
2775
2777
3575
2777
2779
3577
2779
2781
3579
2781
2958
3581
2783
2786
2784
2970
2969
2786
2788
2973
2788
2790
2976
2790
2792
2978
2792
2960
2982
2794
2797
2795
3732
2828
2797
2799
3734
2799
2801
3735
2801
2854
3737
2803
2806
2804
3936
3934
2806
2808
3938
2808
2810
3939
2810
2812
3941
2812
2814
3943
2814
2879
3945
2817
2818
2823
2819
2820
2821
2829
2827
2824
2849
2962
2827
2841
4362
2829
4392
2830
4387
4494
2955
2834
2835
2847
2985
2837
2862
2882
2839
4418
4389
2841
2843
4363
2843
2845
4481
2845
2859
4483
2847
2864
4359
2849
2851
2850
4376
4375
2853
2885
2903
2855
4442
4385
2857
4409
4388
2859
2860
4485
3429
2862
2962
4369
2864
3401
4421
2866
4416
4490
2868
2869
2871
2873
2871
2878
2873
2873
2875
2875
2876
4357
4374
2878
4377
4357
2880
4395
4384
2882
2883
4370
2964
2885
2887
4448
2887
2889
4450
2889
2891
4452
2891
2893
4458
2893
2895
4460
2895
2897
4471
2897
2899
4473
2899
2901
4475
2901
4362
4477
2903
2905
4449
2905
2907
4454
2907
2909
4456
2909
2911
4462
2911
2913
4464
2913
2915
4466
2915
2917
4468
2917
2919
4470
2919
2921
4943
2921
2923
4946
2923
2925
4948
2925
2927
4950
2927
2929
4952
2929
2931
4954
2931
2933
4956
2933
2935
4958
2935
2937
4960
2937
2939
4962
2939
2941
4964
2941
2943
4966
2943
2945
4968
2945
2947
4970
2947
2949
4972
2949
2951
4974
2951
2953
4976
2953
3004
4978
2955
2994
2956
3379
2958
4415
4436
2960
4403
4366
2962
2998
2964
2966
4371
2966
2968
4361
2968
2971
2969
2981
2971
2974
2972
2975
2974
2977
4354
4354
2977
2979
3199
2979
2983
4353
2981
4364
4361
2983
4365
3298
2985
2987
4359
2987
2989
4423
2989
2991
4424
2991
2992
4426
3002
2994
3129
4373
2996
4445
4810
2998
4364
4369
3000
4480
4809
3002
4495
4428
3004
3006
4980
3006
3008
4982
3008
3010
4984
3010
3012
4986
3012
3014
4988
3014
3016
4990
3016
3018
4992
3018
3020
4994
3020
3022
4996
3022
3024
4998
3024
3026
5000
3026
3028
5002
3028
3030
5004
3030
3032
5006
3032
3034
5008
3034
3036
5010
3036
3038
5012
3038
3040
5014
3040
3042
5016
3042
3044
5018
3044
3046
5020
3046
3048
5022
3048
3050
5024
3050
3052
5026
3052
3054
5028
3054
3056
5030
3056
3058
5032
3058
3060
5034
3060
3062
5036
3062
3064
5038
3064
3066
5040
3066
3068
5042
3068
3070
5044
3070
3072
5046
3072
3074
5048
3074
3076
5050
3076
3078
5052
3078
3080
5054
3080
3082
5056
3082
3084
5058
3084
3086
5060
3086
3088
5062
3088
3090
5064
3090
3092
5066
3092
3094
5068
3094
3096
5070
3096
3098
5072
3098
3100
5074
3100
3102
5076
3102
3104
5078
3104
3106
5080
3106
3108
5082
3108
3110
5084
3110
3112
5086
3112
3114
5088
3114
3116
5090
3116
3118
5092
3118
3120
5094
3120
3122
5096
3122
3124
5098
3124
3126
5100
3126
3127
5101
3312
3129
3131
4440
3131
4493
4647
3133
3139
3135
3135
3137
4504
3137
4382
4506
3139
3141
4505
3141
3143
4508
3143
3145
4510
3145
3147
4512
3147
3149
4514
3149
3151
4516
3151
3153
4518
3153
3155
4520
3155
3157
4522
3157
3159
4524
3159
3161
4526
3161
3162
4528
3164
3164
3166
4530
3166
3168
4532
3168
3170
4534
3170
3172
4536
3172
3174
4538
3174
3176
4540
3176
3178
4542
3178
3180
4544
3180
3182
4546
3182
3184
4548
3184
3186
4550
3186
3188
4552
3188
3190
4554
3190
3192
4556
3192
3194
4558
3194
3196
4560
3196
3197
4562
3202
3199
3200
4354
4353
3202
3204
4564
3204
3206
4566
3206
3208
4568
3208
3210
4570
3210
3212
4572
3212
3213
4574
3215
3215
3217
4576
3217
3219
4578
3219
3221
4580
3221
3223
4582
3223
3225
4584
3225
3227
4586
3227
3229
4588
3229
3231
4590
3231
3233
4592
3233
3235
4594
3235
3237
4596
3237
3239
4598
3239
3241
4600
3241
3243
4602
3243
3245
4604
3245
3247
4606
3247
3249
4608
3249
3251
4610
3251
3253
4612
3253
3255
4614
3255
3257
4616
3257
3259
4618
3259
3261
4620
3261
3263
4622
3263
3265
4624
3265
3267
4626
3267
3269
4628
3269
3271
4630
3271
3273
4632
3273
3275
4634
3275
3277
4636
3277
3279
4638
3279
3281
4640
3281
3283
4649
3283
3285
4651
3285
3286
4653
3288
3288
3290
4655
3290
3292
4657
3292
3294
4659
3294
3296
4661
3296
3545
4663
3298
3300
4353
3300
3302
4365
3302
3304
4367
3304
3306
4401
3306
3308
4405
3308
3310
4419
3310
3322
4434
3312
3314
5103
3314
3316
5105
3316
3318
5107
3318
3320
5109
3320
4391
5111
3322
3324
4446
3324
3326
4818
3326
3328
4816
3328
3330
4814
3330
3332
4811
3332
3334
4491
3334
3336
4413
3336
3338
4358
3338
3340
4287
3340
3342
4286
3342
3344
4289
3344
3346
4356
3346
3348
4379
3348
3350
4822
3350
3352
4820
3352
3354
4438
3354
3356
4355
3356
3358
4305
3358
3360
4307
3360
3362
4310
3362
3364
4360
3364
3366
4497
3366
3368
4499
3368
3369
4501
3371
3371
3373
4503
3373
3375
4641
3375
3377
4643
3377
4386
4645
3379
3381
4372
3381
3383
4667
3383
3385
4669
3385
3387
4671
3387
3389
4673
3389
3391
4675
3391
3393
4677
3393
3395
4679
3395
3397
4681
3397
3399
4683
3399
4479
4685
3401
3403
4430
3403
3405
5286
3405
3407
5289
3407
3409
5291
3409
3411
5293
3411
3413
5295
3413
3415
5297
3415
3417
5299
3417
3419
5301
3419
3421
5303
3421
3423
5305
3423
3425
5307
3425
3427
5309
3427
4380
5311
3429
3431
4487
3431
3433
4687
3433
3435
4689
3435
3437
4691
3437
3439
4693
3439
3441
4695
3441
3443
4697
3443
3445
4699
3445
3447
4701
3447
3449
4703
3449
3451
4705
3451
3453
4707
3453
3455
4709
3455
3457
4711
3457
3459
4713
3459
3461
4715
3461
3463
4717
3463
3465
4719
3465
3467
4721
3467
3469
4723
3469
3471
4725
3471
3473
4727
3473
3475
4729
3475
3477
4731
3477
3479
4733
3479
3481
4735
3481
3483
4737
3483
3485
4739
3485
3487
4741
3487
3489
4743
3489
3491
4745
3491
3493
4747
3493
3495
4749
3495
3497
4751
3497
3499
4753
3499
3501
4755
3501
3503
4757
3503
3505
4759
3505
3507
4761
3507
3509
4763
3509
3511
4765
3511
3513
4767
3513
3515
4769
3515
3517
4771
3517
3519
4773
3519
3521
4775
3521
3523
4777
3523
3525
4779
3525
3527
4781
3527
3529
4783
3529
3531
4785
3531
3533
4787
3533
3535
4789
3535
3537
4791
3537
3539
4793
3539
3541
4795
3541
3543
4797
3543
4444
4799
3545
3547
4665
3547
3549
4801
3549
3551
4803
3551
3553
4805
3553
4398
4807
3555
3558
3556
5375
4368
3558
4404
5373
3560
3563
3561
5368
4381
3563
3565
5366
3565
3567
5369
3567
4489
5371
3569
4411
3570
5313
3572
3572
3574
5316
3574
3576
5318
3576
3578
5320
3578
3580
5322
3580
3582
5324
3582
4437
5326
3584
3587
3585
5339
4383
3587
3589
5337
3589
3591
5335
3591
3593
5333
3593
3595
5331
3595
3597
5330
3597
4378
5328
3599
3602
3600
5343
4378
3602
3604
5341
3604
3606
5344
3606
3608
5346
3608
3610
5348
3610
3612
5350
3612
3614
5352
3614
3615
5354
3617
3617
3619
5356
3619
3621
5358
3621
3623
5360
3623
3625
5362
3625
4412
5364
3627
3641
3628
4850
3630
3630
3632
4852
3632
3634
4854
3634
3636
4856
3636
3638
4858
3638
3639
4860
3668
3641
3643
4848
3643
3645
4846
3645
3647
4844
3647
3649
4842
3649
3651
4840
3651
3653
4838
3653
3655
4836
3655
3657
4834
3657
3659
4832
3659
3661
4830
3661
3663
4828
3663
3665
4826
3665
3666
4824
3704
3668
3670
4862
3670
3672
4863
3672
3674
4866
3674
3676
4868
3676
3678
4870
3678
3680
4872
3680
3681
4874
3683
3683
3685
4876
3685
3687
4878
3687
3689
4880
3689
3691
4882
3691
3693
4884
3693
3695
4886
3695
3697
4888
3697
3699
4890
3699
3701
4892
3701
4368
4894
3703
3706
3704
4896
4825
3706
3708
4897
3708
3710
4898
3710
3712
4900
3712
3713
4902
3715
3715
3717
4904
3717
3719
4906
3719
3721
4908
3721
3723
4910
3723
3725
4912
3725
3727
4914
3727
3729
4916
3729
3731
4918
3731
4417
4920
3733
4392
3734
5392
3736
3736
3738
5390
3738
4443
5387
3740
4390
3741
4921
3743
3743
3745
4923
3745
3747
4925
3747
3749
4927
3749
3751
4929
3751
4399
4931
3753
4400
3754
5172
3756
3756
3758
5175
3758
3760
5177
3760
3762
5179
3762
3764
5181
3764
4407
5183
3766
4408
3767
5185
3769
3769
3771
5188
3771
3773
5190
3773
3775
5192
3775
3777
5194
3777
3779
5196
3779
3781
5198
3781
3783
5200
3783
3785
5202
3785
3787
5204
3787
3789
5206
3789
3791
5208
3791
3793
5210
3793
3795
5212
3795
3797
5214
3797
3799
5216
3799
3801
5218
3801
3803
5220
3803
3805
5222
3805
3807
5224
3807
3809
5226
3809
3811
5228
3811
3813
5230
3813
3815
5232
3815
3817
5234
3817
3819
5236
3819
3821
5238
3821
3823
5240
3823
3825
5242
3825
3827
5244
3827
3829
5246
3829
3831
5248
3831
3833
5250
3833
3835
5252
3835
3837
5254
3837
3839
5256
3839
3841
5258
3841
3843
5260
3843
3845
5262
3845
3847
5264
3847
3849
5266
3849
3851
5268
3851
3853
5270
3853
3855
5272
3855
3857
5274
3857
3859
5276
3859
3861
5278
3861
3863
5280
3863
3865
5282
3865
4393
5284
3867
4397
3868
5113
3870
3870
3872
5116
3872
3874
5118
3874
3876
5120
3876
3878
5122
3878
3880
5124
3880
3882
5126
3882
3884
5128
3884
3886
5130
3886
3888
5132
3888
3890
5134
3890
3892
5136
3892
3894
5138
3894
3896
5140
3896
3898
5142
3898
3900
5144
3900
3902
5146
3902
3904
5148
3904
3906
5150
3906
3908
5152
3908
3910
5154
3910
3912
5156
3912
3914
5158
3914
3916
5160
3916
3918
5162
3918
3920
5164
3920
3922
5166
3922
3924
5168
3924
4410
5170
3926
4394
3927
4933
3929
3929
3931
4935
3931
3933
4937
3933
3935
4939
3935
4432
4941
3937
4433
3938
5385
3940
3940
3942
5383
3942
3944
5381
3944
3946
5379
3946
4396
5376
6375
3949
3998
3950
6480
3952
3952
3954
6483
3954
3956
6485
3956
3958
6487
3958
3960
6489
3960
3962
6504
3962
3964
6506
3964
3966
6508
3966
3968
6510
3968
3970
6512
3970
3972
6514
3972
3974
6516
3974
3976
6518
3976
3978
6520
3978
3980
6522
3980
3982
6524
3982
3984
6526
3984
3986
6528
3986
3988
6530
3988
3990
6532
3990
3992
6534
3992
3994
6536
3994
3996
6538
3996
4012
6540
3998
4000
6482
4000
4002
6490
4002
4004
6492
4004
4006
6494
4006
4008
6496
4008
4010
6498
4010
4015
6500
4012
6377
6542
4014
4017
4015
6404
6502
4017
4019
6401
4019
4022
6381
4021
4024
4022
5530
6344
4024
4026
5532
4026
4028
5534
4028
4030
6343
4030
4032
6345
4032
4034
6347
4034
4036
6351
4036
4038
6353
4038
4040
6355
4040
4042
6357
4042
4044
6359
4044
4046
6361
4046
4048
6363
4048
4050
6365
4050
4052
6367
4052
4054
6369
4054
4056
6371
4056
4058
6373
4058
4060
6379
4060
4062
6383
4062
4064
6385
4064
4066
6387
4066
4068
6389
4068
4070
6391
4070
4072
6393
4072
4074
6395
4074
4076
6397
4076
4078
6399
4078
4080
6341
4080
4082
5606
4082
4084
5608
4084
4086
5611
4086
4088
5636
4088
4090
5638
4090
4092
6342
4092
4094
6349
4094
4096
6406
4096
4098
6409
4098
4100
6411
4100
4102
6414
4102
4104
6416
4104
4106
6418
4106
4108
6420
4108
4110
6422
4110
4112
6424
4112
4114
6426
4114
4116
6428
4116
4118
6430
4118
4120
6432
4120
4122
6434
4122
4124
6436
4124
4126
6438
4126
4128
6440
4128
4130
6442
4130
4132
6444
4132
4134
6446
4134
4136
6448
4136
4138
6450
4138
4140
6452
4140
4142
6454
4142
4144
6456
4144
4146
6458
4146
4148
6460
4148
4150
6462
4150
4152
6464
4152
4154
6466
4154
4156
6468
4156
4158
6470
4158
4160
6472
4160
4162
6474
4162
4165
6476
4164
6376
4165
6544
6478
4167
4169
4175
4169
4171
6561
4171
4173
6565
4173
4177
6570
4175
4183
6562
4177
4179
6554
4179
4186
6547
4181
6555
6550
4183
6569
6572
4185
4188
4186
6141
6547
4188
4191
6548
4190
4193
4191
6559
6136
4193
4195
6574
4195
4197
6576
4197
4199
6586
4199
4201
6589
4201
4203
6591
4203
4205
6593
4205
4207
6595
4207
4209
6597
4209
4211
6599
4211
4214
6602
4213
4216
4214
6606
6604
4216
4219
6608
4218
4221
4219
6662
6609
4221
4223
9605
4223
4225
6628
4225
4227
6614
4227
4229
6613
4229
4231
6611
4231
4233
6616
4233
4235
6618
4235
4237
6620
4237
4239
6622
4239
4241
6624
4241
4243
6626
4243
4245
6630
4245
4247
6632
4247
4249
6634
4249
4251
6636
4251
4253
6638
4253
4255
6640
4255
4257
6642
4257
4259
6644
4259
4261
6646
4261
4263
6648
4263
4265
6650
4265
4267
6652
4267
4269
6654
4269
4324
6656
4271
4276
4272
4812
4274
4274
4284
4815
4276
4278
4813
4278
4280
4492
4280
4282
4414
4282
4287
4358
4284
4317
4817
4286
4289
4287
4289
4291
4291
4293
4356
4293
4295
5398
4295
4297
5398
4297
4299
4823
4299
4301
4821
4301
4303
4439
4303
4305
4355
4305
4307
4307
4310
4309
4312
4310
4360
4312
4314
4498
4314
5427
4500
4316
4319
4317
5408
4819
4319
4321
6549
4321
6567
6552
4323
4326
4324
6584
6658
4326
4328
6581
4328
4330
6579
4330
4332
6557
4332
4334
5396
4334
4336
5382
4336
4338
5380
4338
4340
5377
4340
4342
5403
4342
4344
6563
4344
4346
6558
4346
4348
5538
4348
4350
6553
4350
4352
6551
4352
6556
6560
4439
4379
5401
4414
4422
4498
5400
4363
4482
5400
4366
4367
4402
5620
4370
4371
5400
4373
4668
4441
4375
5401
4376
4377
5401
5525
5397
4381
5470
5416
4383
5425
5417
4385
5413
5490
4387
5436
5402
4389
5431
5455
4391
4922
5521
5402
4394
5465
4934
4396
5413
5378
4398
5115
5448
4400
5433
5174
4402
4406
4403
4404
5399
4406
4420
5399
4408
5480
5187
4410
5430
5457
4412
5315
5626
4414
4492
4416
5504
5485
4418
5710
5456
4420
4435
5419
4422
4431
4423
4425
4425
4427
5404
4427
4429
5406
4429
5443
5440
4431
5288
5404
4433
5493
5497
4435
4447
5486
4437
5505
5508
4439
4821
4441
4648
5410
4443
5491
5389
4445
5593
5595
4447
5409
5597
4449
4451
4455
4451
4453
5451
4453
4459
5453
4455
4457
5452
4457
4463
5461
4459
4461
5459
4461
4472
5467
4463
4465
5463
4465
4467
5473
4467
4469
5475
4469
4470
5477
4945
4472
4474
5510
4474
4476
5512
4476
4478
5514
4478
4482
5412
4480
5623
5701
4482
4484
4484
4486
5412
4486
4488
5544
4488
4688
5546
4490
5523
5484
4492
4813
4494
5599
4496
4496
5444
5540
4498
4500
4500
4502
4502
4503
5427
4642
4505
4507
4509
4507
5426
5518
4509
4511
5519
4511
4513
5550
4513
4515
5552
4515
4517
5554
4517
4519
5556
4519
4521
5558
4521
4523
5560
4523
4525
5562
4525
4527
5564
4527
4529
5566
4529
4531
5568
4531
4533
5570
4533
4535
5572
4535
4537
5573
4537
4539
5575
4539
4541
5577
4541
4543
5579
4543
4545
5581
4545
4547
5583
4547
4549
5585
4549
4551
5587
4551
4553
5589
4553
4555
5591
4555
4557
5601
4557
4559
5603
4559
4561
5605
4561
4563
5607
4563
4565
5609
4565
4567
5610
4567
4569
5612
4569
4571
5635
4571
4573
5637
4573
4575
5639
4575
4577
5641
4577
4579
5643
4579
4581
5645
4581
4583
5647
4583
4585
5649
4585
4587
5651
4587
4589
5653
4589
4591
5655
4591
4593
5657
4593
4595
5659
4595
4597
5661
4597
4599
5663
4599
4601
5665
4601
4603
5667
4603
4605
5669
4605
4607
5671
4607
4609
5673
4609
4611
5675
4611
4613
5677
4613
4615
5679
4615
4617
5681
4617
4619
5683
4619
4621
5685
4621
4623
5687
4623
4625
5689
4625
4627
5691
4627
4629
5693
4629
4631
5695
4631
4633
5697
4633
4635
5699
4635
4637
5870
4637
4639
5873
4639
4640
5875
4650
4642
4644
5428
4644
4646
5613
4646
5438
5748
4648
5600
5615
4650
4652
5877
4652
4654
5879
4654
4656
5881
4656
4658
5883
4658
4660
5885
4660
4662
5887
4662
4664
5889
4664
4666
5891
4666
4802
5893
4668
4670
5410
4670
4672
5617
4672
4674
5702
4674
4676
5422
4676
4678
5415
4678
4680
5395
4682
5394
5312
5394
4682
4684
5471
4684
4686
5472
4686
5624
6113
4688
4690
5548
4690
4692
5750
4692
4694
5752
4694
4696
5754
4696
4698
5756
4698
4700
5758
4700
4702
5760
4702
4704
5762
4704
4706
5764
4706
4708
5766
4708
4710
5768
4710
4712
5770
4712
4714
5772
4714
4716
5774
4716
4718
5776
4718
4720
5778
4720
4722
5780
4722
4724
5782
4724
4726
5784
4726
4728
5786
4728
4730
5788
4730
4732
5790
4732
4734
5792
4734
4736
5794
4736
4738
5796
4738
4740
5798
4740
4742
5800
4742
4744
5802
4744
4746
5804
4746
4748
5806
4748
4750
5808
4750
4752
5810
4752
4754
5812
4754
4756
5814
4756
4758
5816
4758
4760
5818
4760
4762
5820
4762
4764
5822
4764
4766
5824
4766
4768
5826
4768
4770
5828
4770
4772
5830
4772
4774
5832
4774
4776
5834
4776
4778
5836
4778
4780
5838
4780
4782
5840
4782
4784
5842
4784
4786
5844
4786
4788
5846
4788
4790
5848
4790
4792
5850
4792
4794
5852
4794
4796
5854
4796
4798
5856
4798
4800
5858
4800
5594
5860
4802
4804
5895
4804
4806
5897
4806
4808
5899
4808
5447
5901
4810
5700
5596
4812
4815
4813
4815
4817
4817
4819
4819
5408
4821
4823
4823
5397
4825
4827
5507
4827
4829
5746
4829
4831
5744
4831
4833
5742
4833
4835
5740
4835
4837
5738
4837
4839
5736
4839
4841
5734
4841
4843
5732
4843
4845
5731
4845
4847
5729
4847
4849
5727
4849
4851
5725
4851
4853
5723
4853
4855
5721
4855
4857
5719
4857
4859
5717
4859
4861
5715
4861
4862
5713
4865
4864
4867
4865
6123
5714
4867
4869
6121
4869
4871
6124
4871
4873
6126
4873
4875
6128
4875
4877
6130
4877
4879
6132
4879
4881
6134
4881
4883
6135
4883
4885
6138
4885
4887
6140
4887
4889
6143
4889
4891
6144
4891
4893
6146
4893
4895
6148
4895
5621
6150
4897
5506
4899
4899
4901
6078
4901
4903
6081
4903
4905
6083
4905
4907
6085
4907
4909
6087
4909
4911
6088
4911
4913
6091
4913
4915
6093
4915
4917
6095
4917
4919
6097
4919
4920
6099
5709
4922
4924
5862
4924
4926
5903
4926
4928
5906
4928
4930
5908
4930
4932
5910
4932
5432
5912
4934
4936
5542
4936
4938
5711
4938
4940
5864
4940
4942
5866
4942
5492
5868
4944
4947
4945
5915
5479
4947
4949
5914
4949
4951
5916
4951
4953
5918
4953
4955
5920
4955
4957
5922
4957
4959
5924
4959
4961
5926
4961
4963
5928
4963
4965
5930
4965
4967
5932
4967
4969
5934
4969
4971
5936
4971
4973
5938
4973
4975
5940
4975
4977
5942
4977
4979
5944
4979
4981
5946
4981
4983
5948
4983
4985
5950
4985
4987
5952
4987
4989
5954
4989
4991
5956
4991
4993
5958
4993
4995
5960
4995
4997
5962
4997
4999
5964
4999
5001
5966
5001
5003
5968
5003
5005
5970
5005
5007
5972
5007
5009
5974
5009
5011
5976
5011
5013
5978
5013
5015
5980
5015
5017
5982
5017
5019
5984
5019
5021
5986
5021
5023
5988
5023
5025
5990
5025
5027
5992
5027
5029
5994
5029
5031
5996
5031
5033
5998
5033
5035
6000
5035
5037
6002
5037
5039
6004
5039
5041
6006
5041
5043
6008
5043
5045
6010
5045
5047
6012
5047
5049
6014
5049
5051
6016
5051
5053
6018
5053
5055
6020
5055
5057
6022
5057
5059
6024
5059
5061
6026
5061
5063
6028
5063
5065
6030
5065
5067
6032
5067
5069
6034
5069
5071
6036
5071
5073
6038
5073
5075
6040
5075
5077
6042
5077
5079
6043
5079
5081
6045
5081
5083
6047
5083
5085
6049
5085
5087
6051
5087
5089
6053
5089
5091
6055
5091
5093
6057
5093
5095
6058
5095
5097
6060
5097
5099
6062
5099
5100
6064
5102
5102
5104
6066
5104
5106
6068
5106
5108
6070
5108
5110
6072
5110
5112
6074
5112
5520
6076
5114
5117
5115
6163
5449
5117
5119
6165
5119
5121
6166
5121
5123
6168
5123
5125
6170
5125
5127
6172
5127
5129
6174
5129
5131
6176
5131
5133
6178
5133
5135
6180
5135
5137
6182
5137
5139
6184
5139
5141
6186
5141
5143
6188
5143
5145
6190
5145
5147
6192
5147
5149
6194
5149
5151
6196
5151
5153
6198
5153
5155
6200
5155
5157
6202
5157
5159
6204
5159
5161
6206
5161
5163
6208
5163
5165
6210
5165
5167
6212
5167
5169
6214
5169
5171
6216
5171
5458
6218
5173
5176
5174
6152
5434
5176
5178
6154
5178
5180
6155
5180
5182
6157
5182
5184
6159
5184
5481
6161
5186
5189
5187
6220
5482
5189
5191
6222
5191
5193
6223
5193
5195
6225
5195
5197
6227
5197
5199
6229
5199
5201
6231
5201
5203
6233
5203
5205
6235
5205
5207
6237
5207
5209
6239
5209
5211
6241
5211
5213
6243
5213
5215
6245
5215
5217
6247
5217
5219
6249
5219
5221
6251
5221
5223
6253
5223
5225
6255
5225
5227
6257
5227
5229
6259
5229
5231
6261
5231
5233
6263
5233
5235
6265
5235
5237
6267
5237
5239
6269
5239
5241
6271
5241
5243
6273
5243
5245
6275
5245
5247
6277
5247
5249
6279
5249
5251
6281
5251
5253
6283
5253
5255
6285
5255
5257
6287
5257
5259
6289
5259
5261
6291
5261
5263
6293
5263
5265
6295
5265
5267
6297
5267
5269
6299
5269
5271
6301
5271
5273
6303
5273
5275
6305
5275
5277
6307
5277
5279
6309
5279
5281
6311
5281
5283
6313
5283
5285
6315
5285
5466
6317
5287
5290
5288
5439
5405
5290
5292
5441
5292
5294
5445
5294
5296
5498
5296
5298
5500
5298
5300
5502
5300
5302
5516
5302
5304
5494
5304
5306
5423
5306
5308
5420
5308
5310
5414
5310
5312
5395
5312
5469
5314
5317
5315
6100
5627
5317
5319
6102
5319
5321
6103
5321
5323
6105
5323
5325
6107
5325
5327
6109
5327
5509
6111
5329
5526
5330
5529
5332
5332
5334
5531
5334
5336
5533
5336
5338
5535
5338
5340
5705
5340
5417
5707
5342
5345
5343
6339
5524
5345
5347
6337
5347
5349
6335
5349
5351
6333
5351
5353
6331
5353
5355
6329
5355
5357
6322
5357
5359
6321
5359
5361
6319
5361
5363
6323
5363
5365
6325
5365
5625
6327
5367
5370
5368
6115
5416
5370
5372
6117
5372
5522
6118
5374
5418
5375
5488
5619
5377
5380
5378
5403
5380
5382
5382
5384
5384
5386
5396
5386
5496
5407
5388
5391
5389
5633
5537
5391
5393
5631
5393
5411
5629
5469
5414
5407
5398
5418
5411
6564
5405
5406
5439
6557
5409
6549
5616
5437
5545
6672
5415
5421
6114
6790
5419
5487
5421
5424
5422
6678
5424
5495
6678
5426
6789
6767
5429
5429
5614
6550
5431
6771
6714
5433
6700
5435
5435
6740
6864
5437
5438
5630
6695
5440
5442
5442
5446
5443
5444
5541
5446
5499
6671
5448
6757
5450
5450
6743
6758
5452
5454
5462
5454
5460
6736
5456
6713
6774
5458
6770
6750
5460
5468
6738
5462
5464
6737
5464
5474
6748
5466
5543
6772
5468
5511
6764
5470
5471
5472
6114
5474
5476
6752
5476
5478
6776
5478
5479
6778
6806
5481
5483
6744
5483
6746
6754
5485
6891
6784
5487
5598
5489
5489
6686
6664
5491
6702
5539
5493
6715
6668
5495
6684
5703
5497
6580
6667
5499
5501
6731
5501
5503
6719
5503
5517
6717
5505
6783
6787
5507
6080
6708
5509
6788
6785
5511
5513
6727
5513
5515
6725
5515
5545
6723
5517
6684
6705
5519
6766
5551
5521
6811
5863
5523
6781
6890
5525
6728
5528
5527
5530
5528
6344
6675
5530
5532
5532
5534
5534
5536
5536
5706
6343
5538
6553
5539
6558
5541
6694
6671
5543
5712
6799
5545
5547
5547
5549
6724
5549
5751
6732
5551
5553
6768
5553
5555
6807
5555
5557
6834
5557
5559
6842
5559
5561
6844
5561
5563
6846
5563
5565
6848
5565
5567
6850
5567
5569
6852
5569
5571
6854
5571
5572
6856
5574
5574
5576
6858
5576
5578
6860
5578
5580
6836
5580
5582
6762
5582
5584
6760
5584
5586
6721
5586
5588
6670
5588
5590
6398
5590
5592
6400
5592
5602
6669
5594
6825
7011
5596
6826
7029
5598
6549
6552
5600
6694
6711
5602
5604
6681
5604
5606
6341
5606
5608
5608
5609
5611
5611
5612
5636
5614
5749
6550
5616
6707
5618
5618
5704
6699
5620
6687
5622
5622
6692
6685
5624
6831
6704
5626
6814
5628
5628
6782
6815
5630
5632
6695
5632
5634
6682
5634
6553
6551
5636
5638
5638
5640
5640
5642
6342
5642
5644
6350
5644
5646
6408
5646
5648
6407
5648
5650
6410
5650
5652
6413
5652
5654
6691
5654
5656
6958
5656
5658
6992
5658
5660
6994
5660
5662
6996
5662
5664
6998
5664
5666
7000
5666
5668
7002
5668
5670
7004
5670
5672
7005
5672
5674
7007
5674
5676
7046
5676
5678
7044
5678
5680
7042
5680
5682
7040
5682
5684
7038
5684
5686
7036
5686
5688
7034
5688
5690
7032
5690
5692
7030
5692
5694
7025
5694
5696
7023
5696
5698
7021
5698
5699
7019
5872
5701
7027
6833
5703
6678
5704
6690
5706
5708
6346
5708
6791
6679
5710
6827
6775
5712
5865
6862
5714
5716
6698
5716
5718
6803
5718
5720
6801
5720
5722
6797
5722
5724
6795
5724
5726
6793
5726
5728
6701
5728
5730
6665
5730
5731
6676
5733
5733
5735
6607
5735
5737
6610
5737
5739
6673
5739
5741
6674
5741
5743
6663
5743
5745
6680
5745
5747
6838
5747
6709
6840
5749
6696
6555
5751
5753
6734
5753
5755
6809
5755
5757
6868
5757
5759
6870
5759
5761
6872
5761
5763
6874
5763
5765
6876
5765
5767
6878
5767
5769
6880
5769
5771
6882
5771
5773
6884
5773
5775
6886
5775
5777
6888
5777
5779
6892
5779
5781
6894
5781
5783
6896
5783
5785
6898
5785
5787
6900
5787
5789
6902
5789
5791
6904
5791
5793
6906
5793
5795
6908
5795
5797
6910
5797
5799
6912
5799
5801
6914
5801
5803
6916
5803
5805
6918
5805
5807
6920
5807
5809
6922
5809
5811
6924
5811
5813
6926
5813
5815
6928
5815
5817
6930
5817
5819
6932
5819
5821
6934
5821
5823
6936
5823
5825
6938
5825
5827
6940
5827
5829
6942
5829
5831
6944
5831
5833
6946
5833
5835
6948
5835
5837
6950
5837
5839
6952
5839
5841
6954
5841
5843
6956
5843
5845
6960
5845
5847
6962
5847
5849
6964
5849
5851
6966
5851
5853
6968
5853
5855
6970
5855
5857
6972
5857
5859
6974
5859
5861
6976
5861
7009
6978
5863
5905
6820
5865
5867
7012
5867
5869
7015
5869
6716
7017
5871
5874
5872
7379
7020
5874
5876
7381
5876
5878
7382
5878
5880
7384
5880
5882
7386
5882
5884
7388
5884
5886
7390
5886
5888
7392
5888
5890
7393
5890
5892
7395
5892
5894
7397
5894
5896
7399
5896
5898
7401
5898
5900
7403
5900
5902
7405
5902
6756
7407
5904
5907
5905
6816
6819
5907
5909
6818
5909
5911
6866
5911
5913
6988
5913
6700
6990
5915
5917
6805
5917
5919
7059
5919
5921
7062
5921
5923
7064
5923
5925
7066
5925
5927
7068
5927
5929
7070
5929
5931
7072
5931
5933
7074
5933
5935
7076
5935
5937
7078
5937
5939
7080
5939
5941
7082
5941
5943
7084
5943
5945
7086
5945
5947
7088
5947
5949
7090
5949
5951
7092
5951
5953
7094
5953
5955
7096
5955
5957
7098
5957
5959
7100
5959
5961
7102
5961
5963
7104
5963
5965
7106
5965
5967
7108
5967
5969
7110
5969
5971
7112
5971
5973
7114
5973
5975
7116
5975
5977
7118
5977
5979
7120
5979
5981
7122
5981
5983
7124
5983
5985
7126
5985
5987
7128
5987
5989
7130
5989
5991
7132
5991
5993
7134
5993
5995
7136
5995
5997
7138
5997
5999
7140
5999
6001
7142
6001
6003
7144
6003
6005
7146
6005
6007
7148
6007
6009
7150
6009
6011
7152
6011
6013
7154
6013
6015
7156
6015
6017
7158
6017
6019
7160
6019
6021
7162
6021
6023
7164
6023
6025
7166
6025
6027
7168
6027
6029
7170
6029
6031
7172
6031
6033
7174
6033
6035
7176
6035
6037
7178
6037
6039
7180
6039
6041
7182
6041
6042
7184
6044
6044
6046
7186
6046
6048
7188
6048
6050
7190
6050
6052
7192
6052
6054
7194
6054
6056
7196
6056
6057
7198
6059
6059
6061
7200
6061
6063
7202
6063
6065
7204
6065
6067
7206
6067
6069
7208
6069
6071
7210
6071
6073
7212
6073
6075
7214
6075
6077
7216
6077
6812
7218
6079
6082
6080
6986
6710
6082
6084
6984
6084
6086
6982
6086
6087
6980
6090
6089
6092
6090
7409
6981
6092
6094
7411
6094
6096
7412
6096
6098
7414
6098
6099
7416
6828
6101
6782
6102
6822
6104
6104
6106
6824
6106
6108
7418
6108
6110
7421
6110
6112
7423
6112
6786
7425
6114
6116
6116
6117
6703
6120
6119
6780
6120
6829
6703
6122
6125
6123
6689
6698
6125
6127
6666
6127
6129
6587
6129
6131
6677
6131
6133
6578
6133
6134
6575
6137
6136
6139
6137
6559
6139
6142
6548
6141
6143
6142
6548
6145
6145
6147
6547
6147
6149
6554
6149
6151
6683
6151
6692
6571
6153
6741
6154
7048
6156
6156
6158
7051
6158
6160
7053
6160
6162
7055
6162
6745
7057
6164
6742
6165
7220
6167
6167
6169
7223
6169
6171
7225
6171
6173
7227
6173
6175
7229
6175
6177
7231
6177
6179
7233
6179
6181
7235
6181
6183
7237
6183
6185
7239
6185
6187
7241
6187
6189
7243
6189
6191
7245
6191
6193
7247
6193
6195
7249
6195
6197
7252
6197
6199
7254
6199
6201
7256
6201
6203
7258
6203
6205
7260
6205
6207
7262
6207
6209
7264
6209
6211
7266
6211
6213
7268
6213
6215
7270
6215
6217
7272
6217
6219
7274
6219
6751
7277
6221
6747
6222
7280
6224
6224
6226
7283
6226
6228
7285
6228
6230
7287
6230
6232
7289
6232
6234
7291
6234
6236
7293
6236
6238
7295
6238
6240
7297
6240
6242
7299
6242
6244
7301
6244
6246
7303
6246
6248
7305
6248
6250
7307
6250
6252
7309
6252
6254
7311
6254
6256
7313
6256
6258
7315
6258
6260
7317
6260
6262
7319
6262
6264
7321
6264
6266
7323
6266
6268
7325
6268
6270
7327
6270
6272
7329
6272
6274
7331
6274
6276
7333
6276
6278
7335
6278
6280
7337
6280
6282
7339
6282
6284
7341
6284
6286
7343
6286
6288
7345
6288
6290
7347
6290
6292
7349
6292
6294
7351
6294
6296
7353
6296
6298
7355
6298
6300
7357
6300
6302
7359
6302
6304
7361
6304
6306
7363
6306
6308
7365
6308
6310
7367
6310
6312
7369
6312
6314
7372
6314
6316
7374
6316
6318
7376
6318
6773
7378
6320
6324
6321
7427
6322
6330
6324
6326
7429
6326
6328
7432
6328
6813
7434
6330
6332
7430
6332
6334
7436
6334
6336
7438
6336
6338
7440
6338
6340
7442
6340
6730
7444
6681
6350
6346
6382
6346
6348
6348
6352
6679
6350
6408
6352
6354
7467
6354
6356
8052
6356
6358
8070
6358
6360
8073
6360
6362
8075
6362
6364
8077
6364
6366
8079
6366
6368
8067
6368
6370
8065
6370
6372
8063
6372
6374
8051
6374
6380
8049
6376
6378
6546
6378
8081
8068
6380
6384
8061
6382
6403
6675
6384
6386
8053
6386
6388
7874
6388
6390
8056
6390
6392
7456
6392
6394
6761
6394
6396
6722
6396
6398
6670
6398
6400
6400
6669
6402
6405
6403
8054
7485
6405
8060
8058
6407
6410
6408
6410
6413
6412
6415
6413
6691
6415
6417
6959
6417
6419
6993
6419
6421
6995
6421
6423
6997
6423
6425
6999
6425
6427
7001
6427
6429
7003
6429
6431
7006
6431
6433
7008
6433
6435
7458
6435
6437
7047
6437
6439
7451
6439
6441
7829
6441
6443
7831
6443
6445
7833
6445
6447
7835
6447
6449
8050
6449
6451
7626
6451
6453
7624
6453
6455
7622
6455
6457
7620
6457
6459
7464
6459
6461
7455
6461
6463
7447
6463
6465
7387
6465
6467
7389
6467
6469
7391
6469
6471
7394
6471
6473
7396
6473
6475
7398
6475
6477
7400
6477
6479
7402
6479
7483
7404
6481
6484
6482
8096
6491
6484
6486
8098
6486
6488
8100
6488
6489
8101
6505
6491
6493
8094
6493
6495
8092
6495
6497
8090
6497
6499
8088
6499
6501
8086
6501
6503
8083
6503
8059
8085
6505
6507
8103
6507
6509
8105
6509
6511
8107
6511
6513
8109
6513
6515
8111
6515
6517
8113
6517
6519
8115
6519
6521
8117
6521
6523
8119
6523
6525
8121
6525
6527
8123
6527
6529
8125
6529
6531
8127
6531
6533
8129
6533
6535
8131
6535
6537
8133
6537
6539
8135
6539
6541
8137
6541
6543
8139
6543
8082
8141
6545
8055
6546
8143
8069
6560
6664
6683
6556
6696
6580
6702
6575
6682
6562
6566
6573
6564
7446
6672
6566
6571
6693
6568
6664
6569
6686
6688
6571
6683
6573
6685
6693
6575
6578
6577
6588
6578
6677
6580
6583
6582
6585
6583
7470
6667
6585
8152
8148
6587
6590
6588
6677
6590
6592
6666
6592
6594
7453
6594
6596
8147
6596
6598
6804
6598
6601
6802
6600
6603
6601
6796
6798
6603
6605
6794
6605
6676
6665
6607
6676
6608
6610
6610
6673
6612
6617
6613
8156
6615
6615
6629
8154
6617
6619
8158
6619
6621
8181
6621
6623
8184
6623
6625
8186
6625
6627
8187
6627
6631
8179
6629
6661
7462
6631
6633
8177
6633
6635
8175
6635
6637
8173
6637
6639
8171
6639
6641
8169
6641
6643
8167
6643
6645
8165
6645
6647
8162
6647
6649
8160
6649
6651
8150
6651
6653
8149
6653
6655
7476
6655
6657
7278
6657
6659
8146
6659
8151
7876
6661
6680
9605
6839
6663
6674
9605
6701
6689
6668
7470
6681
6722
6731
7446
6674
6729
7467
6839
6697
6690
6688
6687
6688
7453
6699
6959
6693
7474
6697
6697
7488
6706
6865
6794
7446
6704
6830
6706
6718
6707
6712
6709
6710
7490
7605
6712
7450
6718
6714
7546
7510
6716
7487
7570
6718
6720
6720
7475
7450
6722
6761
6724
6726
6733
6726
6727
7494
7484
6729
6730
7485
7486
7475
6733
6735
7495
6735
6810
7496
6737
6739
6749
6739
6765
7515
6741
7597
7050
6743
7222
7522
6745
6755
7492
6747
7532
7282
6749
6753
7516
6751
7568
7477
6753
6777
7526
6755
7533
7506
6757
7574
6759
6759
7523
7575
6761
6763
6763
6837
7456
6765
7484
7517
6767
6769
7590
6769
6808
7721
6771
7567
7511
6773
6800
7461
6775
7547
7610
6777
6779
7528
6779
7480
7538
6781
7505
7603
6821
6784
7571
7540
6786
7592
7593
6788
7572
7591
6790
7589
6792
6792
7468
7557
6794
6796
6796
6798
6798
6802
6800
6863
7261
6802
6804
6804
7488
6806
7061
7480
6808
6835
7723
6810
6869
7498
6812
6823
7420
6814
7460
6817
6816
6819
6817
6818
6867
6821
6821
6823
6823
6824
7420
6826
7561
7564
6828
7609
7489
6830
7504
6832
6832
6833
7550
7554
6835
6843
7725
6837
7491
7469
6839
6841
6841
7490
7462
6843
6845
7727
6845
6847
7729
6847
6849
7731
6849
6851
7733
6851
6853
7862
6853
6855
7864
6855
6857
7866
6857
6859
7869
6859
6861
7871
6861
7491
7873
6863
7014
7263
6865
7598
7531
6867
6989
7460
6869
6871
7542
6871
6873
7613
6873
6875
7615
6875
6877
7617
6877
6879
7628
6879
6881
7630
6881
6883
7632
6883
6885
7634
6885
6887
7636
6887
6889
7638
6889
6893
7640
6891
7604
7541
6893
6895
7719
6895
6897
7739
6897
6899
7741
6899
6901
7743
6901
6903
7745
6903
6905
7747
6905
6907
7749
6907
6909
7751
6909
6911
7753
6911
6913
7755
6913
6915
7757
6915
6917
7759
6917
6919
7761
6919
6921
7763
6921
6923
7765
6923
6925
7767
6925
6927
7769
6927
6929
7771
6929
6931
7773
6931
6933
7775
6933
6935
7777
6935
6937
7779
6937
6939
7781
6939
6941
7783
6941
6943
7785
6943
6945
7787
6945
6947
7789
6947
6949
7791
6949
6951
7793
6951
6953
7795
6953
6955
7797
6955
6957
7799
6957
6961
7801
6959
6993
6961
6963
7803
6963
6965
7838
6965
6967
7840
6967
6969
7842
6969
6971
7844
6971
6973
7846
6973
6975
7848
6975
6977
7850
6977
6979
7852
6979
7611
7854
6981
6983
7559
6983
6985
7856
6985
6987
7858
6987
7606
7860
6989
6991
7459
6991
7530
7449
6993
6995
6995
6997
6997
6999
6999
7001
7001
7003
7003
7004
7006
7006
7008
7008
7458
7010
7612
7011
8026
7562
7013
7016
7014
7448
7265
7016
7018
7471
7018
7569
7479
7020
7022
7465
7022
7024
7619
7024
7026
7621
7026
7031
7623
7028
7556
7029
8038
7563
7031
7033
7625
7033
7035
7627
7035
7037
7834
7037
7039
7832
7039
7041
7830
7041
7043
7828
7043
7045
7466
7045
7047
7451
7047
7458
7049
7052
7050
8029
7599
7052
7054
8031
7054
7056
8032
7056
7058
8033
7058
7493
8036
7060
7063
7061
8022
7565
7063
7065
8020
7065
7067
8018
7067
7069
8016
7069
7071
8014
7071
7073
8012
7073
7075
8010
7075
7077
8008
7077
7079
8006
7079
7081
8004
7081
7083
8002
7083
7085
8000
7085
7087
7998
7087
7089
7996
7089
7091
7994
7091
7093
7992
7093
7095
7990
7095
7097
7988
7097
7099
7986
7099
7101
7984
7101
7103
7982
7103
7105
7980
7105
7107
7978
7107
7109
7976
7109
7111
7974
7111
7113
7972
7113
7115
7970
7115
7117
7968
7117
7119
7966
7119
7121
7964
7121
7123
7962
7123
7125
7960
7125
7127
7958
7127
7129
7956
7129
7131
7954
7131
7133
7952
7133
7135
7950
7135
7137
7948
7137
7139
7946
7139
7141
7944
7141
7143
7942
7143
7145
7940
7145
7147
7938
7147
7149
7936
7149
7151
7934
7151
7153
7932
7153
7155
7930
7155
7157
7928
7157
7159
7926
7159
7161
7924
7161
7163
7922
7163
7165
7920
7165
7167
7918
7167
7169
7916
7169
7171
7914
7171
7173
7912
7173
7175
7910
7175
7177
7908
7177
7179
7906
7179
7181
7904
7181
7183
7902
7183
7185
7900
7185
7187
7898
7187
7189
7896
7189
7191
7893
7191
7193
7826
7193
7195
7824
7195
7197
7822
7197
7199
7820
7199
7201
7818
7201
7203
7816
7203
7205
7814
7205
7207
7812
7207
7209
7810
7209
7211
7809
7211
7213
7807
7213
7215
7805
7215
7217
7552
7217
7219
7521
7219
7419
7463
7221
7224
7222
7891
7524
7224
7226
7889
7226
7228
7887
7228
7230
7885
7230
7232
7883
7232
7234
7881
7234
7236
7878
7236
7238
7607
7238
7240
7595
7240
7242
7577
7242
7244
7514
7244
7246
7501
7246
7248
7473
7248
7251
7454
7250
7253
7251
7373
7370
7253
7255
7375
7255
7257
7377
7257
7259
7452
7259
7261
7461
7261
7263
7263
7265
7265
7267
7267
7269
7448
7269
7271
7478
7271
7273
7502
7273
7276
7836
7275
7279
7276
7481
7875
7278
7476
7279
7481
7281
7284
7282
7718
7534
7284
7286
7716
7286
7288
7714
7288
7290
7712
7290
7292
7710
7292
7294
7708
7294
7296
7706
7296
7298
7704
7298
7300
7702
7300
7302
7700
7302
7304
7698
7304
7306
7696
7306
7308
7694
7308
7310
7692
7310
7312
7690
7312
7314
7688
7314
7316
7686
7316
7318
7684
7318
7320
7682
7320
7322
7680
7322
7324
7678
7324
7326
7676
7326
7328
7674
7328
7330
7672
7330
7332
7670
7332
7334
7668
7334
7336
7666
7336
7338
7664
7338
7340
7662
7340
7342
7660
7342
7344
7658
7344
7346
7656
7346
7348
7654
7348
7350
7652
7350
7352
7650
7352
7354
7648
7354
7356
7646
7356
7358
7644
7358
7360
7642
7360
7362
7601
7362
7364
7548
7364
7366
7512
7366
7368
7500
7368
7371
7472
7370
7373
7371
7454
7373
7375
7375
7377
7377
7378
7452
7380
7464
7381
7455
7383
7383
7385
7457
7385
7387
7447
7387
7389
7389
7391
7391
7392
7394
7394
7396
7396
7398
7398
7400
7400
7402
7402
7404
7404
7406
7406
7408
7482
7408
7573
8024
7410
7560
7411
8041
7413
7413
7415
8044
7415
7417
8046
7417
7489
8048
7419
7422
7420
7422
7424
7463
7424
7426
7519
7426
7594
7544
7428
7431
7429
7579
7433
7431
7437
7581
7433
7435
7536
7435
7459
7449
7437
7439
7583
7439
7441
7585
7441
7443
7587
7443
7445
7735
7445
7508
7737
7457
7471
7537
7474
7466
7461
8147
7472
7457
7469
7460
8155
7520
7465
7620
7829
7468
7558
8056
7487
7478
7473
7500
7475
7477
8149
7479
7503
7566
8146
7483
8025
8055
8213
7486
7509
8148
8147
8209
8196
8057
7493
7507
8255
7495
8214
7497
7497
7499
8244
7499
7543
8246
7501
7513
7503
7837
8204
7505
7551
8219
7507
8259
8256
7509
8223
8054
7511
8164
8161
7513
7549
7514
7578
7516
7518
7527
7518
8215
8224
7520
7545
7521
7553
7523
7525
8309
7525
8210
8314
7527
7529
8225
7529
7539
8257
7531
7537
8231
7533
7535
8260
7535
8299
8263
7537
7580
7539
8207
8261
7541
8253
8355
7543
7614
8248
7545
8294
8201
7547
8163
8191
7549
7602
7578
7551
7555
8226
7553
7806
8201
7555
7556
8228
8040
7558
8072
8052
7560
7857
8043
7562
8322
8287
7564
8297
8323
7566
8217
8207
7568
8150
8149
7570
8204
8206
7572
8252
8318
7574
8291
7576
7576
8308
8292
7578
7596
7580
7582
8232
7582
7584
8234
7584
7586
8236
7586
7588
8238
7588
7736
8240
7590
8071
7722
7592
8319
8317
7594
8316
8295
7596
7608
8194
7598
7600
8233
7600
8307
8304
7602
7643
8194
7604
8218
8354
7606
8197
8195
7608
7880
8212
7610
8198
8190
7612
8364
8028
7614
7616
8250
7616
7618
8300
7618
7629
8362
7620
7622
7622
7624
7624
7626
7626
7627
8050
7629
7631
8371
7631
7633
8373
7633
7635
8375
7635
7637
8377
7637
7639
8379
7639
7641
8381
7641
7720
8383
7643
7645
8211
7645
7647
8221
7647
7649
8265
7649
7651
8272
7651
7653
8274
7653
7655
8276
7655
7657
8278
7657
7659
8280
7659
7661
8282
7661
7663
8284
7663
7665
8288
7665
7667
8302
7667
7669
8324
7669
7671
8326
7671
7673
8328
7673
7675
8330
7675
7677
8332
7677
7679
8334
7679
7681
8336
7681
7683
8338
7683
7685
8340
7685
7687
8342
7687
7689
8344
7689
7691
8346
7691
7693
8348
7693
7695
8350
7695
7697
8352
7697
7699
8356
7699
7701
8358
7701
7703
8360
7703
7705
8455
7705
7707
8457
7707
7709
8459
7709
7711
8461
7711
7713
8463
7713
7715
8465
7715
7717
8467
7717
7718
8469
8298
7720
7740
8385
7722
7724
8074
7724
7726
8076
7726
7728
8078
7728
7730
8080
7730
7732
8192
7732
7734
8066
7734
7863
8064
7736
7738
8242
7738
8222
8320
7740
7742
8387
7742
7744
8389
7744
7746
8391
7746
7748
8393
7748
7750
8395
7750
7752
8397
7752
7754
8399
7754
7756
8401
7756
7758
8403
7758
7760
8405
7760
7762
8407
7762
7764
8409
7764
7766
8411
7766
7768
8413
7768
7770
8415
7770
7772
8417
7772
7774
8419
7774
7776
8421
7776
7778
8423
7778
7780
8425
7780
7782
8427
7782
7784
8429
7784
7786
8431
7786
7788
8433
7788
7790
8435
7790
7792
8437
7792
7794
8439
7794
7796
8441
7796
7798
8443
7798
7800
8445
7800
7802
8447
7802
7804
8449
7804
7839
8451
7806
7808
8208
7808
7809
8633
7811
7811
7813
8631
7813
7815
8629
7815
7817
8627
7817
7819
8625
7819
7821
8623
7821
7823
8621
7823
7825
8619
7825
7827
8617
7827
7895
8615
7829
7831
7831
7833
7833
7835
7835
8050
7837
7877
8205
7839
7841
8453
7841
7843
8471
7843
7845
8473
7845
7847
8475
7847
7849
8477
7849
7851
8479
7851
7853
8481
7853
7855
8483
7855
8365
8485
7857
7859
8188
7859
7861
8193
7861
8182
8185
7863
7865
8051
7865
7868
8049
7867
7870
7868
8202
8062
7870
7872
8202
7872
7874
8053
7874
8057
7876
8146
7877
8151
7879
7882
7880
8267
8220
7882
7884
8268
7884
7886
8270
7886
7888
8310
7888
7890
8312
7890
7892
8368
7892
8210
8370
7894
7897
7895
8489
8616
7897
7899
8490
7899
7901
8491
7901
7903
8493
7903
7905
8495
7905
7907
8497
7907
7909
8499
7909
7911
8501
7911
7913
8503
7913
7915
8505
7915
7917
8506
7917
7919
8508
7919
7921
8510
7921
7923
8512
7923
7925
8514
7925
7927
8516
7927
7929
8518
7929
7931
8520
7931
7933
8522
7933
7935
8524
7935
7937
8526
7937
7939
8528
7939
7941
8530
7941
7943
8532
7943
7945
8534
7945
7947
8536
7947
7949
8538
7949
7951
8540
7951
7953
8542
7953
7955
8544
7955
7957
8546
7957
7959
8548
7959
7961
8550
7961
7963
8552
7963
7965
8554
7965
7967
8556
7967
7969
8558
7969
7971
8560
7971
7973
8562
7973
7975
8564
7975
7977
8566
7977
7979
8568
7979
7981
8570
7981
7983
8572
7983
7985
8574
7985
7987
8575
7987
7989
8577
7989
7991
8579
7991
7993
8581
7993
7995
8583
7995
7997
8585
7997
7999
8587
7999
8001
8589
8001
8003
8591
8003
8005
8593
8005
8007
8595
8007
8009
8597
8009
8011
8599
8011
8013
8601
8013
8015
8603
8015
8017
8605
8017
8019
8607
8019
8021
8609
8021
8023
8611
8023
8216
8613
8025
8290
8199
8027
8286
8028
8637
8366
8030
8306
8031
8487
8032
8035
8034
8037
8035
8635
8488
8037
8254
8636
8039
8296
8040
8640
8229
8042
8045
8043
8180
8189
8045
8047
8178
8047
8048
8176
8200
8062
8064
8072
8203
8058
8199
8057
8648
8060
9045
9042
8062
8203
8064
8066
8066
8067
8192
8069
9038
8145
8071
8074
8072
8074
8076
8076
8078
8078
8080
8080
8192
8082
9039
9046
8084
8087
8085
9073
9044
8087
8089
9071
8089
8091
9065
8091
8093
9063
8093
8095
9061
8095
8097
9059
8097
8099
9057
8099
8100
9055
8102
8102
8104
9053
8104
8106
9048
8106
8108
9050
8108
8110
9051
8110
8112
9067
8112
8114
9069
8114
8116
9075
8116
8118
9077
8118
8120
9079
8120
8122
9081
8122
8124
9083
8124
8126
9085
8126
8128
9087
8128
8130
9089
8130
8132
9091
8132
8134
9093
8134
8136
9095
8136
8138
9097
8138
8140
9099
8140
8142
9101
8142
9047
9103
8144
8649
8145
9037
9040
8206
8161
8153
8153
8644
8205
8155
8157
8196
8157
8159
8197
8159
8183
8195
8161
8164
8163
8166
8164
8166
8168
8191
8168
8170
8190
8170
8172
8198
8172
8174
8646
8174
8176
8200
8176
8178
8178
8180
8180
8189
8182
8185
8183
8195
8185
8186
8193
8188
8193
8189
8191
8211
8197
8209
8649
8646
8208
8203
8643
8644
8643
8662
8652
8646
8838
8212
8220
8214
8215
8245
8645
8217
8667
8663
8219
8696
8227
8221
8266
8223
8691
8648
8225
8654
8258
8227
8228
8698
8230
8230
8675
8700
8232
8233
8235
8305
8235
8237
8305
8237
8239
8650
8239
8241
8679
8241
8243
8680
8243
8321
8701
8245
8247
8645
8247
8249
8655
8249
8251
8657
8251
8301
8659
8253
8694
8758
8255
8810
8256
8807
8258
8262
8656
8260
8806
8264
8262
8664
8658
8264
8742
8808
8266
8273
8267
8269
8269
8271
8647
8271
8311
8684
8273
8275
8647
8275
8277
8685
8277
8279
8709
8279
8281
8726
8281
8283
8728
8283
8285
8730
8285
8289
8732
8287
8639
8666
8289
8303
8734
8291
8651
8293
8293
8687
8774
8295
8652
8704
8297
8642
8683
8299
8661
8743
8301
8363
8671
8303
8325
8736
8305
8650
8307
8705
8677
8309
8686
8315
8311
8313
8711
8313
8369
8722
8315
8840
8688
8317
8703
8748
8319
8695
8749
8321
8690
8714
8323
8665
8682
8325
8327
8738
8327
8329
8740
8329
8331
8744
8331
8333
8746
8333
8335
8750
8335
8337
8752
8337
8339
8754
8339
8341
8756
8341
8343
8760
8343
8345
8762
8345
8347
8764
8347
8349
8766
8349
8351
8768
8351
8353
8770
8353
8357
8772
8355
8697
8759
8357
8359
8776
8359
8361
8780
8361
8456
8782
8363
8372
8673
8365
8367
8803
8367
8712
8804
8369
8370
8724
8836
8372
8374
8716
8374
8376
8719
8376
8378
8778
8378
8380
8868
8380
8382
8866
8382
8384
8846
8384
8386
8847
8386
8388
8849
8388
8390
8851
8390
8392
8853
8392
8394
8856
8394
8396
8858
8396
8398
8860
8398
8400
8862
8400
8402
8865
8402
8404
8870
8404
8406
8880
8406
8408
8882
8408
8410
8884
8410
8412
8886
8412
8414
8888
8414
8416
8890
8416
8418
8892
8418
8420
8894
8420
8422
8896
8422
8424
8898
8424
8426
8900
8426
8428
8902
8428
8430
8904
8430
8432
8906
8432
8434
8908
8434
8436
8910
8436
8438
8912
8438
8440
8914
8440
8442
8916
8442
8444
9003
8444
8446
9005
8446
8448
9007
8448
8450
9009
8450
8452
9011
8452
8454
9013
8454
8472
9015
8456
8458
8784
8458
8460
8788
8460
8462
8790
8462
8464
8792
8464
8466
8794
8466
8468
8796
8468
8470
8798
8470
8660
8800
8472
8474
9017
8474
8476
9019
8476
8478
9022
8478
8480
9024
8480
8482
9026
8482
8484
9028
8484
8486
9030
8486
8802
9032
8488
8706
8707
8490
8786
8492
8492
8494
9001
8494
8496
8999
8496
8498
8997
8498
8500
8995
8500
8502
8993
8502
8504
8991
8504
8505
8989
8507
8507
8509
8987
8509
8511
8985
8511
8513
8983
8513
8515
8981
8515
8517
8979
8517
8519
8977
8519
8521
8975
8521
8523
8973
8523
8525
8971
8525
8527
8969
8527
8529
8967
8529
8531
8965
8531
8533
8963
8533
8535
8961
8535
8537
8959
8537
8539
8957
8539
8541
8955
8541
8543
8953
8543
8545
8950
8545
8547
8949
8547
8549
8947
8549
8551
8945
8551
8553
8942
8553
8555
8940
8555
8557
8938
8557
8559
8936
8559
8561
8934
8561
8563
8932
8563
8565
8930
8565
8567
8928
8567
8569
8926
8569
8571
8924
8571
8573
8922
8573
8574
8920
8576
8576
8578
8918
8578
8580
8876
8580
8582
8874
8582
8584
8872
8584
8586
8863
8586
8588
8861
8588
8590
8859
8590
8592
8857
8592
8594
8855
8594
8596
8854
8596
8598
8852
8598
8600
8850
8600
8602
8848
8602
8604
8844
8604
8606
8842
8606
8608
8816
8608
8610
8814
8610
8612
8812
8612
8614
8721
8614
8668
8718
8616
8618
8787
8618
8620
8834
8620
8622
8832
8622
8624
8830
8624
8626
8828
8626
8628
8826
8628
8630
8824
8630
8632
8822
8632
8634
8820
8634
8653
8818
8636
8708
8811
8638
8713
8639
9034
8669
8641
8676
8642
8878
8692
8644
8654
8684
9043
8651
8678
8775
8653
8819
8655
8656
8657
8658
8659
8672
8661
9149
9143
8663
8664
9116
9107
8666
9144
8670
8668
9116
8717
8670
9162
9237
8672
8674
9107
8674
8717
9115
8676
9129
8879
8678
9135
8679
8681
8681
8702
9136
8683
9144
8693
8685
8710
8687
8689
9234
8689
9138
9235
8691
9164
9106
8693
9189
9239
8695
9232
9168
8697
8699
9185
8699
8700
9187
9129
8702
8715
9137
8704
9165
8819
8706
9135
9158
8708
9160
9287
8710
8727
8711
8723
8713
9180
9036
8715
9163
9240
8717
8718
8720
8720
8779
8721
8813
8723
8725
8727
8725
8837
9108
8727
8729
8729
8731
9108
8731
8733
9170
8733
8735
9173
8735
8737
9175
8737
8739
9193
8739
8741
9195
8741
8745
9197
8743
9274
9143
8745
8747
9199
8747
8751
9201
8749
9166
9169
8751
8753
9203
8753
8755
9205
8755
8757
9207
8757
8761
9209
8759
9231
9186
8761
8763
9211
8763
8765
9213
8765
8767
9215
8767
8769
9217
8769
8771
9219
8771
8773
9221
8773
8777
9223
8775
9233
9037
8777
8781
9225
8779
9112
8813
8781
8783
9227
8783
8785
9242
8785
8789
9246
8787
9156
9130
8789
8791
9248
8791
8793
9260
8793
8795
9264
8795
8797
9266
8797
8799
9268
8799
8801
9270
8801
9149
9272
8803
9121
8805
8805
9179
9125
8807
8809
9191
8809
9275
9262
8811
9192
9285
8813
8815
8815
8817
9112
8817
8843
8869
8819
8821
8821
8823
9167
8823
8825
9229
8825
8827
9244
8827
8829
9250
8829
8831
9252
8831
8833
9254
8833
8835
9256
8835
9130
9258
8837
8839
9172
8839
8841
9276
8841
9138
9278
8843
8845
8867
8845
8847
8846
8867
8848
8849
8850
8851
8852
8853
8854
8855
8856
8857
8858
8859
8860
8861
8862
8864
8864
8873
8865
8871
8867
8869
8869
9112
8871
8881
8873
8873
8875
8875
8877
8881
8877
8919
8883
8879
9190
9288
8881
8883
8883
8885
8885
8887
8919
8887
8889
8921
8889
8891
9109
8891
8893
9119
8893
8895
9131
8895
8897
9139
8897
8899
9147
8899
8901
9141
8901
8903
9133
8903
8905
9123
8905
8907
9113
8907
8909
8943
8909
8911
8946
8911
8913
8948
8913
8915
8952
8915
8917
8951
8917
9105
8954
8919
8921
8921
8923
8923
8925
9109
8925
8927
9118
8927
8929
9120
8929
8931
9132
8931
8933
9140
8933
8935
9148
8935
8937
9142
8937
8939
9134
8939
8941
9124
8941
8944
9114
8943
8946
8944
9113
8946
8948
8948
8949
8952
8951
8954
8952
8954
8956
8956
8958
9105
8958
8960
9004
8960
8962
9006
8962
8964
9008
8964
8966
9010
8966
8968
9012
8968
8970
9014
8970
8972
9016
8972
8974
9018
8974
8976
9021
8976
8978
9111
8978
8980
9128
8980
8982
9155
8982
8984
9152
8984
8986
9150
8986
8988
9145
8988
8990
9110
8990
8992
9117
8992
8994
9122
8994
8996
9126
8996
8998
9177
8998
9000
9183
9000
9002
9280
9002
9157
9284
9004
9006
9105
9006
9008
9008
9010
9010
9012
9012
9014
9014
9016
9016
9018
9018
9021
9020
9023
9021
9111
9023
9025
9127
9025
9027
9154
9027
9029
9153
9029
9031
9151
9031
9033
9146
9033
9117
9110
9035
9161
9036
9282
9181
9327
9039
9041
9416
9041
9410
9417
9043
9413
9106
9045
9411
9413
9047
9415
9420
9049
9054
9050
9457
9052
9052
9068
9455
9054
9056
9459
9056
9058
9461
9058
9060
9463
9060
9062
9465
9062
9064
9467
9064
9066
9469
9066
9072
9471
9068
9070
9453
9070
9076
9451
9072
9074
9473
9074
9412
9475
9076
9078
9449
9078
9080
9447
9080
9082
9444
9082
9084
9432
9084
9086
9426
9086
9088
9424
9088
9090
9423
9090
9092
9421
9092
9094
9428
9094
9096
9430
9096
9098
9434
9098
9100
9436
9100
9102
9439
9102
9104
9440
9104
9419
9442
9316
9115
9171
9118
9145
9127
9114
9123
9116
9121
9119
9120
9131
9122
9125
9124
9133
9126
9178
9128
9154
9290
9317
9132
9139
9134
9141
9136
9137
9159
9320
9140
9147
9142
9148
9402
9238
9146
9150
9148
9403
9151
9152
9153
9155
9155
9157
9318
9303
9159
9160
9241
9292
9162
9294
9324
9164
9295
9316
9166
9167
9297
9230
9169
9301
9297
9171
9174
9172
9277
9174
9176
9291
9176
9194
9306
9178
9184
9179
9180
9182
9182
9281
9184
9184
9281
9186
9188
9309
9188
9290
9311
9190
9382
9399
9192
9263
9384
9194
9196
9314
9196
9198
9338
9198
9200
9340
9200
9202
9342
9202
9204
9344
9204
9206
9346
9206
9208
9348
9208
9210
9350
9210
9212
9352
9212
9214
9354
9214
9216
9356
9216
9218
9358
9218
9220
9360
9220
9222
9362
9222
9224
9364
9224
9226
9366
9226
9228
9368
9228
9243
9370
9230
9245
9298
9232
9310
9302
9234
9326
9236
9236
9322
9336
9238
9325
9239
9380
9241
9296
9292
9243
9247
9372
9245
9251
9299
9247
9249
9374
9249
9261
9376
9251
9253
9307
9253
9255
9328
9255
9257
9330
9257
9259
9332
9259
9319
9334
9261
9265
9378
9263
9388
9385
9265
9267
9389
9267
9269
9391
9269
9271
9393
9271
9273
9395
9273
9405
9397
9275
9401
9387
9277
9279
9291
9279
9321
9305
9281
9283
9283
9294
9284
9304
9286
9383
9287
9407
9293
9289
9400
9290
9313
9305
9293
9482
9481
9296
9490
9482
9298
9300
9300
9308
9301
9302
9496
9304
9495
9481
9306
9315
9308
9329
9497
9310
9312
9498
9312
9313
9518
9508
9315
9339
9484
9414
9318
9319
9494
9513
9321
9323
9484
9323
9502
9500
9325
9489
9381
9327
9337
9410
9329
9331
9499
9331
9333
9557
9333
9335
9555
9335
9515
9552
9337
9503
9504
9339
9341
9501
9341
9343
9511
9343
9345
9547
9345
9347
9545
9347
9349
9543
9349
9351
9520
9351
9353
9509
9353
9355
9479
9355
9357
9441
9357
9359
9478
9359
9361
9437
9361
9363
9488
9363
9365
9534
9365
9367
9532
9367
9369
9530
9369
9371
9528
9371
9373
9526
9373
9375
9524
9375
9377
9486
9377
9379
9445
9379
9390
9448
9381
9382
9553
9551
9384
9409
9386
9386
9536
9485
9388
9541
9538
9390
9392
9450
9392
9394
9452
9394
9396
9480
9396
9398
9491
9398
9517
9493
9400
9549
9507
9402
9539
9404
9404
9406
9522
9406
9516
9523
9408
9487
9409
9505
9483
9504
9412
9565
9506
9414
9490
9416
9575
9418
9418
9564
9577
9420
9567
9576
9422
9429
9423
9531
9425
9425
9427
9529
9427
9433
9527
9429
9431
9533
9431
9435
9535
9433
9446
9525
9435
9438
9560
9437
9439
9438
9488
9478
9441
9443
9478
9443
9566
9479
9445
9448
9446
9486
9448
9450
9450
9452
9452
9454
9454
9456
9480
9456
9458
9492
9458
9460
9561
9460
9462
9568
9462
9464
9571
9464
9466
9573
9466
9468
9579
9468
9470
9581
9470
9472
9569
9472
9474
9562
9474
9477
9537
9476
9506
9477
9483
9563
9510
9492
9489
9487
9485
9500
9563
9525
9583
9560
9585
9565
9492
9493
9561
9495
9514
9585
9497
9498
9499
9519
9587
9501
9512
9503
9588
9595
9564
9506
9583
9508
9559
9592
9510
9521
9566
9512
9594
9588
9514
9515
9584
9554
9517
9590
9572
9519
9592
9587
9521
9544
9586
9523
9540
9591
9525
9527
9527
9529
9529
9531
9531
9533
9533
9535
9535
9560
9537
9563
9538
9562
9540
9542
9582
9542
9570
9589
9544
9546
9593
9546
9548
9597
9548
9594
9599
9550
9556
9551
9552
9554
9556
9554
9584
9556
9559
9558
9587
9559
9592
9568
9570
9596
9583
9567
9586
9572
9570
9589
9572
9574
9574
9580
9590
9576
9578
9598
9578
9601
9600
9580
9582
9591
9582
9589
9585
9593
9603
9591
9598
9604
9596
9603
9601
9598
9600
9600
9602
9602
9604
9604
)


// ************************************************************************* //
