/*--------------------------------*- C++ -*----------------------------------*\
| =========                 |                                                 |
| \\      /  F ield         | OpenFOAM: The Open Source CFD Toolbox           |
|  \\    /   O peration     | Version:  2.3.0                                 |
|   \\  /    A nd           | Web:      www.OpenFOAM.org                      |
|    \\/     M anipulation  |                                                 |
\*---------------------------------------------------------------------------*/
FoamFile
{
    version     2.0;
    format      ascii;
    class       volScalarField;
    location    "0";
    object      ccy;
}
// * * * * * * * * * * * * * * * * * * * * * * * * * * * * * * * * * * * * * //

dimensions      [0 1 0 0 0 0 0];

internalField   nonuniform List<scalar> 
9606
(
94888.4
94744.3
94854.2
94852.4
94853.7
94852.4
94856.6
94858.8
94853.8
94852.2
94678.5
94676.8
94861.3
94863.7
94681.7
94683.5
94866.2
94868.7
94686.7
94688.5
94853.4
94851.5
94852.7
94851.2
94852.5
94851
94852.5
94851
94678.1
94676.4
94677.8
94676.1
94871.2
94873.6
94876.2
94878.6
94852.7
94851.4
94677.5
94675.8
94691.6
94693.6
94881.2
94883.5
94853.2
94852
94854
94853.1
94855.5
94854.9
94857.4
94856.7
94859.2
94858.5
94860.9
94860.2
94862.6
94862
94864.3
94863.7
94865.8
94865.3
94677.2
94675.5
94696.6
94698.6
94701.6
94703.6
94706.5
94708.6
94711.5
94713.6
94676.8
94675.2
94676.6
94674.9
94676.4
94675
94676.8
94675.6
94677.4
94676.2
94678
94676.9
94678.7
94677.5
94679.4
94678.3
94680.2
94679.1
94681
94679.9
94681.8
94680.7
94682.6
94681.5
94683.4
94682.4
94684.3
94683.2
94685.2
94684.3
94686.5
94685.6
94687.8
94687
94689.1
94688.3
94690.5
94689.7
94691.8
94691
94693.1
94692.4
94694.4
94693.7
94716.5
94718.6
94721.4
94723.6
94726.3
94728.5
94731.2
94733.5
94735.9
94738.2
94742.9
94740.2
94886.2
95008.9
95006.5
95006.7
95004.3
95004.6
95002.3
95011.6
95014
95016.7
95019.2
95021.9
95024.4
95027.1
95029.6
95032.3
95034.8
95037.6
95040.2
95043.1
95045.8
95048.6
95051.3
95054.1
95056.9
95059.6
95062.3
95065
95067.6
95070.4
95073
95075.9
95078.5
95081.5
94695.6
94694.7
94696.4
94695.3
94697.1
94696
94697.7
94696.6
94698.4
94697.2
94699
94697.9
94699.7
94698.6
94700.6
94699.7
94702
94701.2
94703.5
94702.8
94705.1
94704.4
94706.7
94706
94708.3
94707.6
94710
94709.2
94711.7
94711.2
94713.8
94713.4
94716
94715.6
94718.2
94717.9
94720.5
94720.1
94722.7
94722.4
94724.9
94724.6
94727.2
94726.9
94729.4
94729.1
94731.7
94731.4
94733.9
94733.6
94736.1
94735.8
94738.2
94737.9
94740.3
94740
94742.4
94742
94744.4
94744.1
94746.5
94746.2
94748.7
94748.5
94751
94750.9
94753.4
94753.4
94755.9
94755.8
94758.3
94758.3
94760.8
94760.7
94763.3
94763.2
94765.8
94765.8
94768.4
94768.5
94771.1
94771.2
94773.8
94773.9
94776.5
94776.6
94779.2
94779.3
94781.9
94782
94784.6
94784.7
94787.4
94787.6
94790.4
94790.8
94793.6
94794
94796.9
94797.3
94800.1
94800.5
94803.5
94803.8
94806.9
94807.5
94810.8
94811.7
94815
94815.9
94819.1
94820.1
94823.4
94824.4
94827.6
94828.7
94831.9
94833.1
94836.5
94837.8
94841.1
94842.6
94845.7
94847.3
94850.3
94852.1
94855.1
94857.1
94860
94862.2
94865.1
94867.3
94870.3
94872.5
94875.5
94877.7
95082.6
95085.8
95086.9
95089.8
95090.9
95093.8
95094.9
95097.7
95098.9
95101.7
95102.9
95105.7
95106.9
95109.8
95110.9
95113.8
95114.9
95117.8
95118.9
95121.8
95122.9
95125.8
95126.8
95129.7
95130.5
95133.1
95133.5
95135.9
95136.3
95138.7
95139
95141.5
95141.8
95144.2
95144.5
95146.9
95146.9
95148.9
95148.3
95150.2
95149.6
95151.5
95150.9
95152.9
95152.2
95154.2
95153.6
95155.6
95155.1
95157.1
95157.4
94867
94865.9
94867
94865.4
94866.6
94864.9
94866.1
94864.4
94865.5
94863.8
94865
94863.2
94864.2
94862.3
94863.3
94861.4
94862.4
94860.6
94861.5
94859.7
94860.7
94858.9
94859.8
94858
94858.8
94856.9
94857.6
94855.7
94856.4
94854.5
94855.3
94853.2
94854.1
94852
94853
94850.9
94851.9
94849.9
94850.9
94848.9
94849.9
94847.9
94848.9
94847
94847.9
94846
94847
94845.1
94846.2
94844.2
94844.7
94847.1
94847.1
94849.6
94849.7
94852.3
94852.4
94855
94855
94857.5
94857.3
94859.7
94859.1
94861
94860.1
94861.6
94860.3
94861.5
94859.8
94860.5
94858.3
94858.6
94855.9
95155.9
95157.1
95155.5
95156.7
95155
95156.3
95154.5
95155.9
95153.9
95154.9
95152.5
95153.2
95150.9
95151.5
95149.2
95149.8
95147.4
95148.1
95145.7
95146.3
95143.8
95144.1
95141.3
95141.5
95138.7
95138.8
95136
95136.1
95133.3
95133.4
95130.7
95130.7
95128
95128
95125.3
95125.3
95122.6
95122.5
95119.8
95119.8
95117.1
95116.9
95114
95113.7
95110.8
95110.5
95107.7
95107.3
95104.5
95104.1
95101.3
95100.8
95098.1
95097.6
95094.8
95094.2
95091.4
95090.7
95087.9
95087.2
95084.3
95083.6
95080.8
95080.1
95077.2
95076.2
95073.1
95071.9
95068.8
95067.5
95064.5
95063.2
95060.3
95058.8
95056
95054.3
95051.5
95049.7
95046.9
95045.1
95042.3
95040.5
95037.7
95035.9
94855.8
94852.9
94852.3
94849.1
94848.3
94845.2
94844.5
94841.6
94841.1
94838.7
94838.3
94840.2
94839.8
94842.3
94842.5
94845.2
94847.5
94850.1
94852.4
94854.9
94856.9
94859.4
94860.8
94863.3
94864.3
94866.9
94867.5
94869.9
94869.7
94871.8
94871.2
94873.3
94872.3
94874.1
94872.9
94874.6
94873.3
94874.9
94873.7
94875.4
94874.7
94876.6
95033.2
95031.6
95029.1
95027.7
95025.1
95023.9
95021.2
95020
95017.2
95016.1
94876.2
94878.6
94902
94899.3
94899.4
94897.3
94898.2
94896.5
94904.3
94906.8
94908.9
94911.5
94913.5
94916.1
94918.2
94920.8
94897.3
94895.5
94923.1
94925.7
94895.8
94893.6
94893.5
94891
94890.6
94887.8
94887.2
94884.3
94883.5
94880.5
94879.6
94876.6
94875.6
94872.6
94871.5
94868.3
94866.9
94863.6
94862.2
94858.9
94857.4
94854.2
94928.2
94930.7
94933.3
94935.7
94938.3
94940.5
94942.9
94945.2
94947.2
94949.7
94951.6
94954.4
94956.2
94959
94960.5
94963.1
94964.1
94966.5
94967.2
94969.8
94970.2
94972.5
94972.2
94974.1
94973.5
94975.3
94974.7
94972.5
94971.6
94968.8
94967.1
94964.2
94962.2
94959.3
94957.3
94954.4
94952.5
94949.7
94948
94945.2
94943.6
94940.8
94939.3
94936.5
94934.9
94931.9
94930.3
94927.2
94925.5
94922.4
94920.7
94917.7
94915.9
94913
94911.4
94908.6
94907.1
94904.4
94903.1
94900.2
94899
94881
94882.7
94885.7
94886.8
94889.8
94890.8
94893.9
94894.9
94897.9
94898.9
94902
94903
94906.3
94906.7
94909.4
94909.1
94911.8
94911.5
94914.2
94914
94916.6
94916.4
94919.2
94919
94921.8
94920.8
94922.8
94921.1
94922.9
94921.5
94923.2
94921.9
94923.6
94922.3
94924
94922.7
94924.4
94923.1
94924.8
94923.5
94925.2
94924
94925.7
94924.4
94926.1
94924.8
94926.5
94925.2
94926.9
94925.6
94927.3
94926.1
94927.7
94926.5
94928.2
94926.9
94928.6
94927.3
94929
94927.8
94929.4
94928.2
94929.8
94928.6
94930.3
94929.1
94930.7
94929.6
94931.2
94930.1
94931.7
94930.6
94932.2
94931.1
94932.7
94931.5
94933.2
94932
94933.6
94932.4
94934
94932.8
94934.3
94933.1
94934.7
94933.5
94935
94933.8
94935.4
94934.2
94935.7
94934.5
94936.1
94934.9
94936.5
94935.3
94937
94935.9
94937.6
94936.4
94938.1
94937
94938.7
94937.5
94939.2
94938.1
94939.8
94938.6
94940.3
94939.1
94940.7
94939.4
94940.8
94939.4
94940.9
94939.4
94940.9
94939.4
94940.8
94939.4
94940.9
94939.4
94940.9
94939.4
94940.7
94938.6
94939
94936.3
94936.7
94934.2
94934.5
94932.2
94932.5
94930.1
95013
95012.5
95009.9
95010.1
95007.5
95007.7
95005.2
95005.3
95002.9
95003.2
95001.1
95001.5
94999.3
94999.8
94997.6
94998.1
94995.9
94996.4
94994.3
94994.8
94992.6
94993.1
94991
94991.5
94989.5
94990.4
94988.7
94989.7
94987.9
94989
94987.3
94988.4
94986.7
94988
94986.3
94987.6
94986
94987.3
94985.6
94987
94985.3
94986.6
94985
94986.3
94984.8
94986.3
94985
94986.6
94985.3
94987.1
94985.9
94987.8
94986.7
94988.6
94987.4
94989.4
94988.2
94990.1
94989
94990.9
94989.6
94991.6
94942.6
94939.6
94944.6
94947.6
94949.6
94952.4
94954.5
94957.1
94959.2
94961.8
94963.9
94966.5
94968.6
94971.2
94973.2
94975.8
94977.7
94980.3
94982
94984.6
94986
94988.7
94990.1
94992.8
94994.3
94997
94998.6
95001.3
95003.1
95005.6
95007.8
95007.6
95010.3
95010.1
95012.9
95012.8
95015.4
95015.3
95017.9
95017.7
95020.3
95019.8
95021.9
95020.8
95022.7
95021.6
95023.4
95022.3
95024.1
95023
95024.7
95023.6
95025.4
95024.3
95026.1
95024.9
95026.8
95025.5
95027
95025.3
95026.5
95024.8
95026
95024.3
95025.7
95023.9
95025.3
95023.6
95024.9
95023.2
95024.5
95022.7
95023.5
95021.3
95021.9
95019.6
95020.3
95018
95018.7
95016.4
95017.1
95014.8
95015.5
95013.5
95014.2
95011.7
95011.2
95008
95007.2
95004.1
95003.1
95000
94998.9
94995.9
94994.7
94937.9
94934.8
94933.2
94930.3
94928.6
94925.7
94924.2
94921.3
94919.8
94917.1
94915.8
94913.1
94911.8
94909.2
94907.9
94905.3
94904.1
94901.4
94900.2
94897.5
94878.2
94880.3
94883
94884.7
94887.3
94889.2
94891.9
94893.8
94896.5
94895.9
94894
94895
94892.3
94892.9
94890.2
94890.6
94888
94888.4
94885.8
94886.1
95002.7
95000.6
94998
94996.2
94993.6
94991.8
94989.2
94987.4
94984.8
94982.8
94979.9
94977.8
94974.6
94973
94970.2
94968.6
94966
94964.3
94961.6
94960
94957.3
94955.6
94952.7
94951
94948.2
94946.5
94943.7
94941.9
94939.3
94937.5
94934.9
94932.9
94930.3
94928.2
94925.7
94923.5
94920.9
94918.7
94916
94913.8
94911.1
94908.5
94908.5
94905.3
94905
94902
94901.5
94898.5
94898
94895.2
94894.9
94892.3
94892.1
94889.5
94889.3
94886.7
94886.5
94896.4
94893.6
94891.5
94888.4
94886.1
94930.6
94928.5
94925.7
94923.8
94921
94919.2
94916.4
94914.5
94911.7
94909.9
94907
94905.3
94902.4
94883
94880.6
94881.2
94878.8
94879.3
94876.9
94877.3
94874.9
94875.3
94872.7
94872.8
94875.5
94875.3
94877.8
94877.6
94880.1
94879.9
94882.4
94882.1
94884.5
94802.7
94800.3
94800.6
94798.2
94798.5
94796.1
94796.3
94794
94794.2
94802.5
94804.9
94804.7
94807.1
94792
94792.3
94790.2
94790.6
94788.5
94788.9
94786.8
94787.2
94785.1
94785.5
94783.4
94783.8
94781.7
94782.1
94780
94780.5
94778.3
94778.8
94776.6
94777.1
94775
94775.5
94773.3
94773.8
94771.6
94772.2
94770
94770.5
94768.3
94768.9
94766.7
94767.3
94765.1
94765.7
94763.5
94764.1
94762
94762.6
94760.4
94761
94758.9
94759.6
94757.5
94758.2
94756.2
94756.9
94754.8
94755.5
94753.5
94754.2
94752.3
94752.9
94806.9
94809.4
94809.3
94811.8
94811.7
94814.3
94814.2
94816.7
94816.7
94819.2
94819.1
94821.6
94821.6
94824.1
94824.2
94826.7
94826.9
94829.6
94829.7
94832.4
94832.6
94835.2
94751.1
94751.9
94750.3
94751.3
94749.6
94750.6
94748.9
94749.9
94748.2
94749.3
94747.6
94748.6
94746.9
94748.1
94746.4
94747.6
94745.9
94747.1
94745.5
94746.7
94745.1
94746.2
94744.8
94745.9
94744.5
94745.6
94744.2
94745.4
94744
94745.2
94743.8
94745.1
94743.6
94744.9
94835.5
94838.3
94838.7
94841.6
94842.1
94844.9
94845.6
94848.4
94997.9
94996.7
94998.3
94996.9
94998.2
94996
94996.9
94994.8
94995.4
94993
94993.4
94990.8
94991.1
94988.4
94988.5
94985.9
94985.9
94983.2
94983.2
94996.6
94997.8
94996.1
94997.3
94995.7
94996.9
94980.7
94980.7
94995.4
94996.7
94995.4
94996.9
94995.7
94997.3
94996.3
94998.1
94997.1
94998.9
94997.9
94999.8
94998.6
95000.4
94999.1
95000.8
94999.3
95000.8
94999.3
95000.6
94999.1
95000.4
94999
95000.3
94998.9
95000.3
94999.1
95000.6
94999.5
95001.2
95000.3
95002.2
94978.3
94978.6
95001.5
95003.6
95003.2
95005.8
94976.1
94975.9
94977.9
94977.4
94980
94980.3
94982.7
94985.2
94987.4
94990
94992.3
94994.9
94997.3
94999.8
95002.2
95004.7
95007.1
95009.7
95012
95014.6
95016.9
95019.5
95021.8
95024.4
95026.7
95029.3
95031.6
95034.1
95036.4
95039
95041.2
95043.8
95046.1
95048.7
95051
95053.6
95055.9
95058.5
95060.9
95063.5
95066.1
95068.6
95071.2
95073.5
95076.2
95078.4
95081.1
95083.1
95085.9
95087.7
95090.5
95092.4
95095.2
95097
95099.8
95101.7
95104.5
95106.2
95108.9
95110.4
95113.1
95114.3
95116.9
95117.6
95120.1
95120.4
95122.8
95122.7
95124.9
95124.2
95126.2
95125.2
95126.9
95125.6
95126.9
95125.3
95126.4
95124.5
95125.4
95123.2
95123.8
95121.5
95121.8
95119.4
95119.7
95117.4
95117.7
95115.4
95115.7
95113.4
95113.7
95111.4
95111.7
95109.3
95109.4
95106.9
95107
95104.4
95104.2
95101.5
95101.3
95098.5
95098.2
95095.4
95095
95092.2
95091.7
95088.9
95088.4
95085.7
95085.2
95082.5
95082.1
95079.4
95079
95076.4
95076
95073.3
95072.8
95070.1
95069.5
95066.8
95066.1
95063.3
95062.4
95059.5
95058.6
95055.6
95054.6
95051.6
95050.6
95047.6
95046.4
95043.5
95042.2
95039.2
95037.6
95034.6
95032.9
95030
95028.3
95025.4
95023.6
95020.7
95018.8
95015.9
95013.9
95010.8
95009.8
94908.5
94911.5
94912.3
94915.1
94915.4
94917.9
94918
94920.4
94920.7
94923
94923.5
94925.9
94906.5
94903.7
94926.9
94929.6
94931.2
94934.3
94901.7
94899
94936.4
94939.4
94942
94944.7
94947.4
94949.8
94952.6
94954.8
94957.6
94959.6
94962.4
94964.3
94967.2
94969.1
94971.9
94973.7
94976.6
94978.3
94981.1
94982.4
94985.1
94986.1
94988.9
94989.3
94991.6
94991.2
94993.3
94992.1
94993.3
94991.1
94991.7
94989.1
94989.5
94986.8
94987.2
94984.7
94985.2
94983
94983.7
94981.7
94982.5
94980.6
94981.4
94979.6
94980.4
94978.6
94979.4
94977.4
94978
94975.8
94976.3
94974
94974.5
94972.1
94972.5
94970.1
94970.5
94968.1
94968.6
94966.2
94966.8
94964.5
94965.1
94962.9
94963.6
94961.4
94962.1
94959.8
94960.4
94958.2
94958.6
94956.4
94956.7
94954.3
94954.4
94952
94951.8
94949
94948.9
94946.3
94943.7
94941.2
94938.7
94936
94933.7
94931
94928.7
94926
94923.9
94921.1
94919.1
94916.3
94914.3
94911.5
94909.4
94906.6
94904.5
94901.7
94899.5
94896.8
94894.5
94891.8
94889.5
94886.8
94884.5
94881.8
94879.5
94876.8
94874.6
94896.6
94893.7
94893
94890
94889.5
94887
94887.2
94885.5
94886.7
94885.4
94886.9
94885.6
94887.1
94885.3
94886.2
94883.9
94884.2
94881.8
94881.8
94879.4
94879.5
94877.1
94877.6
94875.8
94877.2
94875.7
94877.3
94876.2
94877.7
94876.5
94877.8
94876.2
94877.2
94875.2
94876
94873.7
94874.1
94871.5
94871.6
94869
94869.2
94867
94867.5
94865.7
94866.9
94866
94867.8
94867
94868.9
94867.9
94870
94744.7
94743.3
94886.5
94884.2
94881.5
94856.2
94739.1
94740.4
94736.4
94681.2
94683
94990.1
94991.6
94687.9
94686.1
94680.9
94682.6
94740.9
94739.3
94741.1
94739.7
94741.3
94739.8
94741.6
94740
94742.2
94740.6
94970.2
94970.6
94967.9
94969.8
94968.7
94968.5
94901
94898.2
94680.5
94682.2
94680.2
94681.9
94679.9
94681.6
94679.6
94681.3
94679.5
94681
94679.6
94680.9
94680.2
94681.3
94681
94682.1
94681.7
94682.8
94692.8
94691
94697.7
94695.8
94702.6
94700.7
94707.5
94705.5
94712.4
94710.4
94717.3
94715.3
94963.2
94965.3
94883.8
94883.6
94682.4
94683.5
94683.1
94684.2
94683.9
94684.9
94958.3
94960.3
94722.2
94720.1
94727
94724.9
94684.7
94685.7
94685.5
94686.6
94686.4
94687.4
94731.7
94729.6
94687.3
94688.3
94688.3
94689.2
94689.4
94690.3
94690.7
94691.5
94692
94692.8
94693.3
94694.1
94694.7
94695.4
94696
94696.7
94697.2
94698
94698.3
94699.2
94904.1
94901.9
94908.3
94906
94900.9
94902.5
94912.8
94910.2
94917.7
94914.9
94899.9
94901.8
94898.3
94900.5
94922.7
94919.9
94895.9
94898.5
94879.4
94879.1
94876.4
94877.1
94876.9
94871.4
94874
94866.2
94868.8
94861
94863.5
94742.1
94740.9
94742.3
94740.8
94742.7
94741.1
94743.1
94741.5
94874.9
94874.6
94872.7
94872.4
94870.1
94870.2
94928
94925.2
94743.6
94741.9
94744.2
94742.5
94744.8
94743.1
94745.5
94743.7
94746.2
94744.4
94746.9
94745.2
94747.6
94745.9
94965.2
94966.1
94961.9
94962.4
94959.7
94955.1
94957.1
94950.5
94952.2
94946.2
94947.6
94943.5
94938.9
94941.8
94933.6
94936.6
94748.5
94746.7
94749.6
94747.7
94750.8
94748.8
94752.1
94750.1
94753.4
94751.3
94754.8
94752.7
94756.2
94754.1
94757.7
94755.5
94759.2
94757
94760.8
94758.6
94762.3
94760.2
94763.9
94761.8
94765.6
94763.4
94767.2
94765
94768.9
94766.7
94770.6
94768.4
94772.3
94770.1
94774
94771.8
94775.7
94773.5
94777.3
94775.2
94779
94776.9
94780.7
94778.6
94782.4
94780.3
94784.1
94782
94785.9
94783.7
94787.6
94785.4
94789.4
94787.2
94791.4
94789.1
94793.4
94791.1
94795.5
94793.1
94797.7
94795.2
94799.8
94797.4
94802
94799.6
94804.3
94801.9
95011.8
95009.4
95007.3
95009.6
95005.3
95007.6
95016.9
95014.5
95022.1
95019.6
95027.3
95024.8
95032.5
95030
95037.8
95035.2
95043.2
95040.6
95048.7
95046
95054.2
95051.4
95059.6
95056.9
95065
95062.3
95070.4
95067.7
95076
95073.1
95081.1
95078.3
95085.2
95082.6
95089.3
95086.4
95093.3
95090.5
95097.3
95094.5
95101.3
95098.5
95105.3
95102.5
95109.3
95106.4
95113.2
95110.4
95117.2
95114.4
95121.1
95118.3
95125
95122.2
95128.4
95125.8
95131.4
95129
95134.2
95131.8
95137
95134.6
95139.7
95137.3
95142.3
95139.9
95144.5
95142.4
95145.8
95144.1
95146.9
95145
95148.2
95146.2
95149.5
95147.5
95150.9
95148.9
95152.4
95150.3
95153.3
95151.7
95152.6
95151.7
95152
95150.9
95151.4
95150.2
95150.6
95149.5
95149.4
95148.5
95147.8
95147.1
95146.2
95145.5
95144.4
95143.8
95142.7
95142.1
95140.7
95140.2
95138.4
95138.1
95135.9
95135.7
95133.2
95133.1
95130.6
95130.5
95127.9
95127.8
95125.3
95125.2
95122.6
95122.6
95119.9
95120
95117.2
95117.3
95114.4
95114.5
95111.4
95111.7
95108.4
95108.7
95105.3
95105.6
95102.1
95102.5
95099
95099.4
95095.8
95096.3
95092.6
95093.1
95089.2
95089.8
95085.7
95086.4
95082.1
95082.8
95078.6
95079.3
95075.1
95075.9
95071.2
95072.2
95067
95068.2
95062.8
95064
95058.7
95059.8
95054.8
95056.1
95050.5
95052.2
95045.9
95047.8
95041.3
95043.1
95036.7
95038.5
95032.2
95033.9
94806.7
94804.2
94809.2
94806.6
94811.6
94809.1
94814.1
94811.6
94816.6
94814.1
94819.2
94816.6
94821.7
94819.2
94824.4
94821.8
94827.2
94824.6
94830
94827.4
94833
94830.3
94699.2
94700.1
94699.9
94700.9
94700.6
94701.7
94701.3
94702.3
94702
94703.1
94702.8
94703.8
94703.7
94704.7
94705
94705.9
94706.5
94707.2
94708
94708.7
94709.6
94710.3
94711.3
94711.9
94713
94713.6
94714.8
94715.4
94716.9
94717.4
94719
94719.5
94721.2
94721.6
94723.4
94723.8
94725.6
94726
94727.8
94728.2
94730
94730.4
94732.2
94732.6
94734.4
94734.7
94736.6
94736.9
94738.8
94739.1
94740.9
94741.2
94743
94743.3
94745.1
94745.4
94747.1
94747.5
94749.2
94749.5
94751.4
94751.7
94753.7
94753.9
94756.1
94756.2
94758.5
94758.6
94760.9
94761
94763.4
94763.5
94765.9
94765.9
94768.4
94768.4
94771
94770.9
94773.6
94773.5
94776.3
94776.2
94779
94778.9
94781.7
94781.6
94784.4
94784.3
94787.1
94787
94789.9
94789.7
94792.8
94792.5
94796
94795.6
94799.3
94798.8
94802.6
94802.2
94806
94805.5
94809.5
94809
94813.3
94812.6
94817.3
94816.5
94821.3
94820.4
94825.5
94824.5
94829.8
94828.7
94834.1
94833
94838.4
94837.3
94842.8
94841.5
94847.3
94845.8
94851.8
94850.3
94856
94854.4
94860.7
94858.7
94865.8
94863.5
94871
94868.7
94876.3
94873.9
94881.8
94879.3
94892.9
94895.7
94889.4
94892.4
94885.8
94888.8
94881.9
94885
94877.7
94880.9
94873.3
94876.5
94868.7
94871.9
94864
94867.2
94859.1
94862.4
94857.1
94858.2
94855.8
94857.8
94858.7
94855.4
94856.7
94855.5
94856.8
94855.6
94857
94855.7
94857.2
94855.8
94857.1
94857.2
94857.9
94858.4
94859.2
94860.6
94860.9
94862.3
94863.1
94864
94864.7
94865.7
94866.4
94867.2
94868
94868.6
94869.4
94869.5
94870.5
94869.7
94871.1
94869.4
94871
94868.9
94870.6
94868.4
94870.1
94867.9
94869.6
94867.1
94869
94866.1
94868.1
94865.2
94867.1
94864.3
94866.1
94863.4
94865.2
94862.6
94864.4
94861.5
94863.5
94860.3
94862.2
94859.2
94861.1
94858.1
94860
94857
94858.9
94856
94857.9
94855
94857
94853.8
94855.9
94852.7
94854.7
94851.6
94853.5
94850.7
94852.5
94849.9
94851.7
94849.1
94851
94849.5
94850.4
94852
94851.9
94854.7
94854.6
94857.5
94857.3
94860.2
94860.1
94862.6
94862.9
94863.8
94864.8
94836.2
94833.3
94839.6
94836.7
94843.3
94840.2
94849.3
94852.5
94953.4
94955.4
94948.6
94950.5
94944.1
94945.8
94939.6
94941.2
94935.2
94936.8
94930.6
94932.3
94925.9
94927.7
94921.2
94922.9
94916.4
94918.2
94911.8
94913.5
94907.2
94908.8
94902.9
94904.4
94898.6
94900
94894.2
94895.7
94864.3
94865.5
95027.9
95029.4
95023.8
95025.2
95019.7
95021
95015.5
95016.9
95011.2
95012.6
94864.1
94865.6
94863.6
94865.5
94861.2
94864.1
94858.5
94861.3
94854.7
94858
94850.4
94853.6
94846.7
94849.5
94843.3
94846
94842.9
94845
94845.1
94847.4
94852.2
94849.8
94856.7
94854.6
94859.1
94862.7
94860
94865.6
94863.4
94866.9
94868.7
94866.4
94869.3
94867.7
94870
94868.2
94870.7
94869
94870.6
94869.1
94872.4
94870
94887.9
94887.4
94884.8
94891.9
94891.1
94895.9
94895
94899.9
94898.9
94904
94902.9
94908.4
94907.1
95007
95006.2
95008.1
95004.8
95004.4
95002.6
95002.4
95000.4
95000.2
94998.5
94998.1
94996.6
94996.2
94994.9
94994.4
94993.2
94992.7
94991.5
94991
94989.9
94989.4
94988.4
94987.8
94987
94986.3
94985.9
94985.1
94985.1
94984.1
94984.4
94983.3
94983.8
94982.7
94983.4
94982.1
94983
94981.7
94982.6
94981.3
94982.3
94981
94982
94980.7
94981.9
94980.5
94982
94980.5
94982.3
94980.7
94982.9
94981.1
94983.6
94981.7
94984.4
94982.4
94985.2
94983.2
94985.9
94984
94986.5
94984.7
94912.6
94913.5
94911.6
94914.7
94915.2
94917
94917.3
94919.5
94919.7
94922.1
94922.2
94924.8
94924.8
94926.3
94928.5
94927.8
94926.2
94927.9
94926.3
94927.8
94926.7
94928
94927
94928.3
94927.4
94928.7
94927.8
94929.1
94928.2
94929.5
94928.6
94929.9
94929
94930.3
94929.4
94930.7
94929.9
94931.1
94930.3
94931.5
94930.7
94931.9
94931
94932.3
94931.5
94932.7
94931.9
94933.1
94932.3
94933.5
94932.7
94933.9
94933.1
94934.3
94933.6
94934.8
94934
94935.2
94934.5
94935.7
94935
94936.2
94935.5
94936.6
94935.9
94937.1
94936.4
94937.5
94936.8
94938
94937.1
94938.3
94937.5
94938.7
94937.8
94939
94938.2
94939.4
94938.5
94939.7
94938.9
94940.1
94939.4
94940.6
94939.9
94941
94940.4
94941.6
94941
94942.1
94941.6
94942.7
94942.1
94943.3
94942.6
94943.8
94943.1
94944.3
94943.5
94944.7
94943.7
94945
94943.7
94945.1
94943.7
94945.1
94943.7
94945.1
94943.7
94945.1
94943.7
94945.1
94943.7
94945.2
94941.8
94944.5
94945.4
94939.4
94941.8
94937.3
94939.6
94935.3
94937.6
94933.4
94935.7
94943.9
94941.5
94938.9
94934.4
94937
94949.1
94946.4
94954
94951.3
94958.8
94956.2
94963.6
94961
94968.3
94965.8
94972.8
94970.4
94977
94974.7
94980.9
94978.5
94984.8
94982.2
94988.8
94986.1
94993
94990.2
94997.4
94994.6
95002.2
94999.2
95004.6
94929.9
94932.8
94925.5
94928.4
94921.2
94924
94917.2
94919.9
94913.2
94915.9
94909.4
94912
94905.5
94908.2
94901.7
94904.3
94897.9
94900.6
95007.3
95004.4
95010.1
95007.4
95012.6
95010.1
95014.9
95012.4
95016.7
95014.5
95017.9
95015.9
95018.8
95017
95019.5
95017.8
95020.1
95018.4
95020.8
95019
95021.4
95019.6
95022
95020.2
95022.5
95020.8
95022.7
95021.3
95021.6
95020.7
95021.3
95019.9
95020.9
95019.6
95020.6
95019.2
95020.3
95018.9
95020
95018.8
95018.5
95018
95016.7
95016.2
95015
95014.4
95013.4
95012.7
95011.8
95011.1
95010.5
95009.5
95009.2
95005.7
95006.4
95002.1
95002.9
94998.1
94999.2
94994
94995.2
94892.6
94894.5
94897
94887.7
94889.8
94882.3
94884.7
94873.6
94871.8
94875
94872.8
94890.7
94889.4
94891.1
94889.2
94888.5
94887.2
94886.8
94885.1
94884.7
94883
94882.6
95001.2
95003.7
95005.7
94996.9
94999.4
94992.6
94995.2
94988.2
94990.8
94983.6
94986.4
94978.9
94981.8
94974.5
94977.2
94969.2
94970.7
94973.2
94965
94966.7
94960.6
94962.3
94956.2
94957.9
94951.7
94953.4
94947.2
94948.9
94942.7
94944.4
94938.3
94940
94934.3
94935.9
94930
94932
94925.4
94927.6
94920.5
94922.8
94915.6
94917.9
94910.5
94912.9
94905.4
94905.3
94907.8
94902.5
94902.7
94899.3
94899.6
94896
94896.3
94892.8
94893.1
94889.8
94890.1
94887
94887.2
94884.2
94884.4
94869.9
94867.1
94867.2
94872.2
94869.8
94874.1
94871.8
94876
94873.7
94877.6
94875.4
94879.3
94876.9
94874.6
94883.8
94881.2
94888.3
94885.6
94892.8
94890
94929.2
94931.9
94934
94924.6
94927.3
94920.1
94922.8
94915.5
94918.3
94910.9
94913.7
94906.5
94909.2
94866.4
94868
94866.4
94869.3
94868.3
94869.9
94868.5
94734.5
94864.1
94865
94874.2
94736.8
94734.8
94872.3
94869.7
94867.7
94930.8
94905.1
94965.9
94964.3
94964.5
94863.7
94861.6
94991
94989.8
94737.1
94735.8
94737.1
94735.7
94737.3
94735.7
94959.4
94961.3
94865
94863.4
94860.3
94864.2
94687.4
94685.6
94894.5
94897.2
94985.2
94986.9
94738.1
94736.2
94738.2
94869
94866.5
94954.5
94956.5
94880.8
94880.4
94847.4
94847.9
94849.7
94851.6
94850.6
94854.2
94851.7
94859
94856.4
94861.2
94855.2
94854
94905
94902.4
94859.8
94861.9
94859.2
94692.2
94690.4
94697
94695.2
94701.7
94699.9
94706.5
94704.6
94711.3
94709.4
94716.2
94714.2
94721
94719
94725.7
94723.7
94730.2
94728.3
94685.2
94686.9
94684.9
94686.6
94684.6
94686.3
94684.3
94685.9
94684
94685.6
94683.8
94685.3
94683.9
94685
94685.1
94685.9
94685.7
94687
94686.4
94687.5
94687.1
94688.2
94687.9
94689
94688.6
94689.7
94689.5
94690.5
94690.3
94691.3
94691.2
94692.2
94692.2
94693.2
94693.3
94694.2
94694.4
94695.3
94695.7
94696.5
94697
94697.8
94698.3
94699.1
94699.6
94700.4
94700.8
94701.7
94702
94702.8
94702.9
94703.9
94909.2
94906.4
94904.8
94881.3
94881.5
94879.3
94877
94871.9
94871.7
94859.5
94860.7
94860
94861.1
94860.5
94861.8
94864.8
94864.6
94861.7
94859.8
94867.3
94864.9
94860.4
94868.8
94866.8
94871
94868.5
94867.9
94865.4
94872.4
94870.4
94960.6
94961.8
94956
94957.7
94951
94952.9
94946.1
94947.8
94942.9
94914.2
94911.2
94844.2
94847.4
94869.6
94869.3
94857.4
94854
94937.4
94940.9
94703.8
94704.8
94704.5
94705.5
94705.2
94706.3
94705.9
94707
94706.8
94707.8
94707.7
94708.7
94708.9
94709.7
94710.2
94711
94711.7
94712.4
94713.3
94713.9
94714.9
94715.5
94716.6
94717.2
94718.4
94719
94720.4
94720.9
94722.5
94722.9
94724.6
94725
94726.8
94727.2
94728.9
94729.3
94731.1
94731.5
94733.2
94733.6
94735.4
94735.7
94737.5
94737.9
94739.7
94740
94741.8
94742.1
94743.9
94744.3
94746
94746.4
94748.1
94748.4
94750.2
94750.5
94752.2
94752.6
94754.4
94754.7
94756.6
94756.8
94758.9
94759.1
94761.2
94761.4
94763.6
94763.7
94766.1
94766.1
94768.5
94768.6
94771
94771
94773.5
94773.5
94776.1
94776
94778.7
94778.6
94781.4
94781.3
94784.1
94784
94786.8
94786.7
94789.5
94789.4
94792.2
94792.1
94794.9
94794.8
94797.9
94797.5
94801.2
94800.7
94804.5
94804
94808
94807.4
94811.5
94810.9
94815.1
94814.5
94818.9
94818.2
94822.6
94821.9
94826.6
94825.6
94830.8
94829.7
94835
94833.9
94839.3
94838.2
94843.5
94842.4
94847.4
94846.3
94851.7
94850.2
94856.2
94854.9
94858.8
94919.4
94916.5
94924.7
94921.7
95014.7
95012.3
95010.2
95012.5
95008.2
95010.4
95019.8
95017.3
95024.9
95022.4
95030.1
95027.6
95035.4
95032.8
95040.7
95038.1
95046.1
95043.5
95051.5
95048.9
95056.9
95054.2
95062.3
95059.6
95067.6
95064.9
95073
95070.3
95078.1
95075.7
95080.7
95084.8
95081.7
95088.8
95086
95092.9
95090
95096.8
95094
95100.8
95098
95104.7
95101.9
95108.7
95105.8
95112.6
95109.8
95116.6
95113.7
95120.4
95117.6
95123.9
95121.3
95127
95124.6
95129.8
95127.5
95132.5
95130.1
95135.2
95132.8
95137.8
95135.5
95140.4
95138.2
95141.4
94862.4
94863.8
94863.5
95142.4
95140.5
95143.5
95141.5
95144.7
95142.7
95146.2
95144.1
95147.5
95145.5
95148.8
95146.8
95148.9
95148
95147
95147.2
95146.1
95146.4
95145.3
95145.4
95144.4
95144.1
95143.3
95142.5
95141.9
95140.9
95140.2
95139.1
95138.5
95137.2
95136.7
95135.2
95134.7
95132.9
95132.6
95130.4
95130.2
95127.7
95127.7
95125.1
95125
95122.5
95122.4
95119.9
95119.8
95117.3
95117.3
95114.7
95114.7
95111.9
95112
95109.1
95109.2
95106.2
95106.4
95103.2
95103.5
95100.2
95100.5
95097.1
95097.5
95094
95094.4
95090.9
95091.3
95087.7
95088.3
95084.2
95084.9
95080.6
95081.3
95077.1
95077.8
95073.7
95074.2
95070.4
95071.1
95066.5
95067.7
95062.3
95063.6
95058.1
95059.3
95054.1
95054.9
95051.7
95047
95049.2
95042.2
95044.2
95037.5
95039.4
95032.8
95034.6
95028.3
95030
94866.2
94867.3
94867.8
94868.5
94869.4
94870.1
94871
94871.8
94872.4
94873.3
94873.3
94874.4
94873.8
94875
94864
94861.3
94869.3
94866.8
94874.6
94872.2
94879.9
94877.5
94885.2
94882.8
94874
94875.4
94873.4
94875.2
94873
94874.6
94872.6
94874.2
94872.1
94873.9
94870.9
94873
94869.8
94871.7
94869
94870.8
94867.7
94869.7
94867.2
94868.7
94866.4
94868.3
94864.7
94866.9
94863.8
94865.4
94862.8
94864.7
94861.8
94863.7
94860.8
94862.7
94860.2
94862
94858.8
94861
94857.5
94859.6
94856.3
94858.3
94855.2
94857
94854.6
94856.3
94854
94855.7
94853.3
94855.1
94854.1
94856.9
94856.5
94859.7
94859.5
94862.7
94862.4
94865.5
94865.3
94903.2
94905.6
94901.1
94903.6
94898.2
94901.1
94894.7
94897.7
94891.1
94894.1
94887.3
94890.4
94883.2
94886.5
94878.4
94881.9
94873.7
94877
94869.1
94872.4
94864.3
94867.7
94949.4
94951.5
94944.6
94946.4
94940
94941.7
94935.6
94937.2
94931
94932.7
94926.4
94928.1
94921.7
94923.4
94916.9
94918.7
94912.2
94913.9
94907.5
94909.1
94902.9
94904.5
94898.5
94900
94894.2
94895.6
94889.6
94891.2
94738
94736.6
94738.2
94736.7
94738.6
94737
94739.1
94737.5
94739.7
94738
94740.3
94738.6
94741
94739.2
94741.7
94740
94742.4
94740.7
94743.2
94741.5
94744
94742.3
94745
94743.2
94746.1
94744.2
94747.3
94745.3
94748.6
94746.5
94749.9
94747.8
94751.3
94749.2
94752.8
94750.6
94754.3
94752.1
94755.8
94753.7
94757.4
94755.2
94759
94756.8
94760.6
94758.4
94762.3
94760.1
94764
94761.7
94765.7
94763.4
94767.4
94765.2
94769.1
94766.9
94770.8
94768.6
94772.5
94770.3
94774.2
94772
94775.9
94773.8
94777.6
94775.5
94779.4
94777.2
94781.1
94778.9
94782.8
94780.6
94784.6
94782.4
94786.5
94784.2
94788.4
94786.1
94790.5
94788.1
94792.6
94790.2
94794.7
94792.3
94797
94794.5
94799.3
94796.8
94801.6
94799.1
94804.1
94801.5
94806.5
94804
94809
94806.5
94811.6
94809
94814.1
94811.6
94816.7
94814.2
94819.4
94816.8
94822.1
94819.4
94824.8
94822.2
94827.7
94825
94830.8
94828
94834.1
94831.1
94837.8
94834.6
95023.9
95025.5
95019.7
95021.1
95015.4
95016.9
95011.1
95012.6
95006.6
95008.2
94889.3
94891.6
94894.1
94884.1
94886.4
94885.5
94884.7
94886.5
94883.8
94883.3
94881.7
94881.3
94879.7
94879.2
94902.6
94900
94899.9
94896.9
94897.1
94893.7
94894
94890.6
94890.9
94887.6
94887.8
94884.7
94884.9
94881.9
94882.1
95000.2
95002.5
95004.2
94996
94998.6
94991.7
94994.4
94987.3
94990
94982.8
94985.6
94978.4
94981.1
94974.2
94976.6
94965.8
94967.6
94970
94961.4
94963.2
94957
94958.8
94952.4
94954.3
94947.9
94949.7
94943.3
94945.1
94938.9
94940.6
94934.7
94936
94932.2
94927.5
94930.1
94922.7
94925.1
94917.7
94920.1
94912.6
94915
94907.5
94909.9
95001.8
94998.9
94997.7
94993.1
94994.5
94988.8
94990.1
94984.6
94985.9
94980.7
94981.9
94977.2
94978.1
94974.8
95004.9
95002.2
95007.5
95005
95009.8
95007.4
95011.7
95009.5
95013.1
95011.1
95014.2
95012.3
95015
95013.2
95015.6
95013.9
95016.1
95014.4
95016.7
95014.9
95017.3
95015.6
95017.9
95016.1
95018.6
95016.8
95018.2
94970.3
94972.8
94965.5
94967.9
94960.6
94962.9
94955.8
94958
94950.9
94953.2
94946
94948.3
94941.1
94943.2
94938.5
94934.1
94937.1
94929.7
94932.6
94925.4
94928.2
94921.2
94923.9
94917.2
94919.9
94913.4
94916
94909.6
94912.3
94905.8
94908.5
94902.1
94904.7
94898.4
94900.9
95017
95015.1
95015.7
95016.5
95015.4
95016.2
95014.8
95015.9
95014.5
95015.9
95014.3
95015.3
95013.3
95013
95011.4
95010.9
95009.7
95009.1
95008.1
95007.4
95006.4
95005.8
95004
95004
95000.6
95001
94997.4
94998.1
94993.5
94994.7
94876
94877.6
94880.2
94884.6
94881.9
94889
94886.3
94890
94892.6
94893.3
94897.1
94896.2
94901
94900
94904.9
94903.9
94908.9
94907.8
94913.2
94911.8
94916.9
94919
94918.3
94920.3
94920.7
94922.5
94922.8
94925
94925.1
94927.6
94927.7
94930.7
94930.5
94932
94933
94931.1
94931
94932.6
94931.1
94932.5
94931.4
94932.8
94931.7
94933.1
94932.1
94933.4
94932.5
94933.8
94932.9
94934.2
94933.3
94934.6
94933.7
94935
94934.1
94935.4
94934.5
94935.7
94934.8
94936.1
94935.2
94936.5
94935.6
94936.8
94936
94937.2
94936.4
94937.6
94936.8
94938
94937.2
94938.4
94937.6
94938.8
94938
94939.2
94938.5
94939.7
94939
94940.1
94939.4
94940.6
94939.9
94941.1
94940.3
94941.5
94940.7
94941.9
94941.1
94942.3
94941.5
94942.7
94941.8
94943.1
94942.2
94943.4
94942.5
94943.8
94942.9
94944.1
94943.4
94944.6
94943.9
94945
94944.4
94945.6
94945
94946.1
94945.6
94946.7
94946.1
94947.3
94946.7
94947.9
94947.2
94948.4
94947.6
94948.8
94947.9
94949.2
94948
94949.4
94948
94949.4
94947.9
94949.4
94947.9
94949.3
94947.9
94949.3
94948.1
94949.5
94948.6
94949.8
95003
95000.9
95001.6
94999.7
94999.3
94997.6
94997.3
94995.5
94995.2
94993.6
94993.2
94991.7
94991.3
94989.9
94989.5
94988.3
94987.7
94986.6
94986.1
94985.1
94984.5
94983.6
94983
94982.4
94981.6
94981.3
94980.4
94980.4
94979.4
94979.7
94978.6
94979.2
94978
94978.8
94977.6
94978.4
94977.1
94978
94976.7
94977.7
94976.3
94977.5
94976.1
94977.5
94976
94977.6
94976
94978
94976.2
94978.6
94976.7
94979.3
94977.4
94980.2
94978.2
94981
94979.1
94981.7
94979.9
94946.7
94946.5
94944.4
94942.3
94944.6
94940.3
94942.7
94938.4
94940.7
94936.7
94938.8
94932.6
94930.7
94928.1
94923.7
94926.3
94919.3
94922
94914.7
94917.5
94910.2
94912.9
95006.4
94990.1
94989.7
94991.9
94993.2
94991.2
94993.9
94992.2
94994.4
94992.9
94993.9
94992.9
94993.3
94992.2
94992.9
94991.7
94992.7
94991.4
94992.6
94991.2
94992.9
94991.3
94993.4
94991.7
94994.1
94992.3
94994.9
94993.1
94995.6
94993.8
94996.1
94994.4
94996.3
94994.8
94996.3
94994.9
94996.3
94994.9
94996.1
94994.8
94996.1
94994.7
94996.4
94994.8
94996.8
94995.2
94997.6
94995.8
94998.7
94996.7
94988
94987.7
94985.7
94985.5
94983.2
94983.1
94980.7
94980.6
94978.2
94978.1
94975.8
94975.7
94973.3
94973.3
95000.3
94998
94973
94970.7
94970.8
94975.1
94972.7
94977.8
94975.2
94982.4
94980
94977.8
94987.1
94984.5
94992.1
94989.4
94997.2
94994.6
95002.1
94999.6
95006.9
95004.4
95011.7
95009.2
95016.6
95014
95021.5
95018.9
95026.4
95023.9
95031.3
95028.8
95036.2
95033.7
95041
95038.5
95045.7
95043.2
95050.6
95048
95055.6
95052.9
95060.8
95058.1
95066.1
95063.4
95071.4
95068.8
95076.6
95074.2
95081.8
95079.5
95086.8
95084.7
95091.5
95089.7
95096.1
95094.3
95100.8
95099
95105.4
95103.6
95110
95108.2
95114.5
95112.9
95118.7
95117.5
95122.2
95121.5
95125.4
95125
95127.8
95128.1
95129.1
95130
95129.9
95131.1
95129.7
95131.3
95129.5
95131.1
95128.3
95130.5
95126.8
95129.1
95124.4
95127
95122.3
95124.6
95120.3
95122.6
95118.4
95120.7
95116.4
95118.7
95114.3
95116.7
95112.1
95114.6
95109.6
95112.2
95106.7
95109.5
95103.8
95106.5
95100.7
95103.5
95097.4
95100.3
95094
95096.8
95090.7
95093.4
95087.5
95090.2
95084.4
95087.1
95081.4
95084.1
95078.2
95081
95074.9
95077.7
95071.5
95074.3
95068.1
95070.9
95064.5
95067.4
95060.6
95063.6
95056.6
95059.6
95052.5
95055.6
95048.2
95051.3
95043.7
95046.9
95039
95042.2
95034.2
95037.3
95029.4
95032.3
95024.5
95027.5
95019.6
95022.6
95014.7
95017.6
95008.7
95009.8
95012.7
94910
94907.2
94913
94910.4
94915.8
94913.3
94918.7
94916.2
94902.3
94905.1
94921.8
94919.3
94925.5
94922.8
94871.7
94869.2
94897.3
94900.3
94930.2
94927.1
94925.4
94935.3
94932.1
94942.2
94940
94937
94947.8
94945.3
94953.3
94950.9
94958.4
94956.4
94963.3
94961.3
94968.1
94966.2
94973
94971
94977.7
94975.9
94982.5
94980.8
94986.7
94985.4
94990.7
94989.5
94994.3
94994.9
94993.3
94996
94996.5
94996.3
94998.5
94998.3
94994.8
94997.1
94992.4
94995.2
94990.1
94992.6
94988.1
94990.5
94986.6
94988.8
94985.3
94987.4
94984.1
94986
94983.1
94984.9
94982.2
94984
94980.8
94983
94979.1
94981.4
94977.3
94979.6
94975.3
94977.7
94973.4
94975.8
94971.5
94973.9
94969.7
94972.1
94968
94970.3
94966.5
94968.8
94965
94967.3
94963.3
94965.6
94961.4
94963.8
94959.2
94961.7
94956.9
94959.4
94954.3
94956.9
94951.6
94954.2
94882.5
94881.3
94882.7
94882.7
94881.2
94881.1
94880.6
94879.3
94878.9
94877.4
94877.3
94874.6
94874.9
94882.9
94881.3
94873
94871.6
94872.2
94872.7
94871.3
94873.5
94871.6
94874.5
94873
94873.4
94872.9
94872.3
94871.4
94870.9
94870.2
94869.2
94868.9
94866.3
94866.5
94864.4
94863.9
94863.1
94862.3
94863.6
94861.5
94861.1
94864.4
94862.9
94864.8
94863.2
94884.8
94882.4
94881.6
94887.7
94885
94891.2
94888.3
94946.5
94949.4
94951.8
94941.1
94943.8
94935.8
94938.3
94930.6
94933
94925.4
94927.8
94920.4
94922.5
94915.5
94917.5
94910.8
94912.7
94906.1
94908.1
94901.2
94903.4
94896.2
94898.5
94891.3
94893.5
94886.1
94888.4
94881.4
94883.5
94876.4
94878.7
94866.1
94862.7
94864.7
94869.1
94856.1
94873.3
94960.1
94859.5
94863.7
94732.6
94733.4
94867.5
94871.6
94873.9
94873.2
94896.6
94866.6
94864.1
94863.5
94908.1
94910.7
94860.7
94862
94859.7
94857.6
94972.1
94868.1
94886.3
94884.9
95008.4
95006.4
94901.5
94899
94868.2
94869.2
94985.3
94986.7
94890.2
94888
94873.4
94950.4
94949.4
94905.7
94908.2
95001.9
95003.7
94916.2
94918
94874.9
94875.6
94878.7
94881.1
94876.4
94877.3
94933.7
94934.3
94982.2
94980.5
94902.4
94904.8
94874.3
94874.9
94878.6
94878.3
94990.6
94989.3
94877.4
94878.5
94955.6
94957.4
94956.1
94951.8
94953.4
94946.9
94949
94941.7
94944.3
94951.1
94953.2
94937.2
94935.2
94877.8
94879.2
94879
94879.3
94865.5
94866.3
94915.7
94912.9
94893.5
94890.8
94838.6
94841.9
94878.1
94879.2
94691.7
94690
94696.4
94694.6
94701
94699.3
94689.6
94691.3
94689.3
94690.9
94705.7
94703.9
94710.3
94708.5
94688.9
94690.6
94688.6
94690.2
94688.2
94689.8
94687.6
94689.2
94688.2
94715
94713.1
94719.9
94717.9
94724.6
94722.7
94729.2
94727.4
94862.6
94859.1
94733
94731.9
94732.8
94731.4
94733.3
94731.4
94733.7
94732
94877.2
94877.6
94875.8
94876.3
94927.2
94930.5
94935.7
94932.7
94859
94860.4
94858.7
94860.3
94858.1
94860
94858.9
95015.1
95017.5
95013
95015.3
95022.6
95020.1
95027.8
95025.3
95033
95030.4
95038.3
95035.7
95043.6
95041
95048.9
95046.3
95054.3
95051.6
95059.6
95056.9
95064.9
95062.2
95070.2
95067.5
95075.5
95072.7
95080.4
95077.7
95084.4
95081.8
95088.4
95085.6
95092.4
95089.6
95096.3
95093.6
95100.2
95097.4
95104.1
95101.3
95108
95105.2
95112
95109.2
95116
95113.2
95119.7
95117.1
95122.9
95120.5
95125.5
95123.3
95128
95125.7
95130.8
95128.4
95133.6
95131.3
95135.9
95133.7
95138
95135.8
95138.7
95137.1
95139.9
95137.8
95141.3
95139.2
95142.8
95140.8
95144
95142.1
95144.1
95142.8
95143.2
95142.1
95142.4
95141.3
95141.5
95140.5
95140.4
95139.5
95138.9
95138.3
95137.3
95136.7
95135.6
95135
95133.7
95133.2
95131.8
95131.3
95129.8
95129.5
95127.5
95127.4
95124.9
95124.9
95122.3
95122.2
95119.6
95119.6
95117.1
95117
95114.7
95114.6
95112.1
95112.1
95109.5
95109.5
95106.7
95106.8
95103.9
95104
95101.1
95101.3
95098.2
95098.5
95095.2
95095.5
95092.1
95092.5
95089.1
95089.5
95086.1
95086.5
95083.1
95083.7
95079.2
95080.2
95075.6
95076.3
95072
95072.7
95068.6
95068.9
95066.4
94861.7
94861.5
94864.8
94864.3
94867.9
94867.6
94921.1
94918
95062
95063.7
95057.6
95059
95053.2
95054.6
95048.3
95050.1
95043.3
95045.2
95038.4
95040.3
95033.6
95035.5
95028.9
95030.7
95024.3
95026
94906.6
94908.8
94903.8
94906.9
94900
94903.3
94896.4
94899.4
94892.9
94895.8
94889.2
94892.5
94883.3
94888.8
94878.5
94881.4
94874.4
94877.4
94869.8
94873.3
94733.9
94732.3
94734.2
94732.6
94734.7
94733
94735.2
94733.5
94735.8
94734.1
94736.5
94734.7
94737.2
94735.4
94738
94736.2
94738.7
94737
94739.6
94737.8
94740.4
94738.6
94741.4
94739.5
94742.5
94740.6
94743.7
94741.7
94745
94743
94746.4
94744.3
94747.9
94745.7
94749.4
94747.2
94750.9
94748.8
94752.5
94750.3
94754.1
94751.9
94755.7
94753.5
94757.3
94755.1
94759
94756.8
94760.7
94758.5
94762.4
94760.2
94764.2
94762
94765.9
94763.7
94767.7
94765.5
94769.4
94767.2
94771.1
94768.9
94772.8
94770.7
94774.6
94772.4
94776.3
94774.1
94778
94775.8
94779.7
94777.5
94781.6
94779.3
94783.5
94781.2
94785.4
94783.1
94787.5
94785.1
94789.6
94787.2
94791.9
94789.4
94794.1
94791.7
94796.5
94794
94798.9
94796.4
94801.4
94798.8
94803.9
94801.3
94806.5
94803.9
94809
94806.5
94811.6
94809.1
94814.3
94811.7
94816.9
94814.3
94819.6
94817
94822.4
94819.7
94825.3
94822.6
94828.4
94825.5
94831.9
94828.7
95019.8
95021.4
95015.5
95017
95011.2
95012.6
95006.8
95008.3
94852
94848.5
94876.9
94878.4
94877.9
94877
94878.4
94877.3
94878.6
94877.8
94878.8
94866.6
94867.4
94867.6
94868.6
95013.8
95013.1
95013.3
95012
95012.7
95011.6
95012
95010.9
95011.5
95010.2
95011.2
95009.9
95010.6
95009.6
95009.5
95008.7
95008.3
95007.5
95007.1
95006.5
95004.9
95004.9
95002.6
95002.6
95000
95000.2
94996.7
94997.4
94992.8
94993.8
94988.6
94989.8
94984.3
94985.6
94980.3
94981.5
94976.4
94977.5
94973.5
94967.5
94969.4
94972
94962.5
94964.7
94957.7
94959.9
94952.8
94955.1
94948
94950.3
94943
94945.5
94938.2
94940.8
94934
94936.6
94929.4
94932.4
94925.1
94927.9
94921.1
94923.7
94917.5
94920
94913.8
94916.5
94909.9
94912.6
94906.2
94908.8
94902.4
94905.2
95012.1
95012.4
95011.7
95010.4
95011.5
95010
95011.3
95009.9
95010.4
95009.7
95007.8
95007.7
95006.1
95005.3
95004.5
95003.8
95002.8
95002.2
95001
95000.5
94998.7
94998.7
94995.6
94995.9
94993.5
94894.6
94893.1
94898.3
94897.3
94902.1
94901.2
94905.9
94905
94909.7
94908.8
94913.3
94912.3
94949.1
94950.8
94947.4
94949.6
94945.4
94947.8
94943.3
94945.7
94941.4
94943.7
94689.7
94691.4
94690.7
94690.5
94691.4
94691.2
94692.3
94691.9
94693
94692.6
94693.6
94693.4
94694.4
94694.2
94695.2
94695.1
94696.1
94696.1
94697
94697.1
94698
94698.2
94699.1
94699.4
94700.3
94700.7
94701.5
94702
94702.8
94703.3
94704.1
94704.5
94705.4
94705.7
94706.6
94706.7
94707.6
94707.6
94708.6
94708.4
94709.4
94709.1
94710.1
94709.8
94710.9
94710.6
94711.6
94711.6
94712.5
94712.7
94713.5
94713.9
94714.7
94715.3
94716.1
94716.8
94717.5
94718.4
94719.1
94720.1
94720.7
94722
94722.5
94723.9
94724.4
94725.9
94726.4
94728
94728.4
94730.1
94730.5
94732.3
94732.7
94734.4
94734.8
94736.5
94736.9
94738.6
94739
94740.7
94741
94742.8
94743.1
94744.9
94745.2
94747
94747.3
94749.1
94749.4
94751.1
94751.5
94753.2
94753.5
94755.3
94755.6
94757.4
94757.6
94759.5
94759.8
94761.7
94761.9
94764
94764.2
94766.3
94766.5
94768.7
94768.8
94771.1
94771.2
94773.6
94773.6
94776
94776.1
94778.5
94778.5
94781.1
94781.1
94783.8
94783.7
94786.5
94786.4
94789.2
94789.1
94791.9
94791.8
94794.7
94794.6
94797.3
94797.3
94799.7
94799.6
94802.9
94802.3
94806.3
94805.7
94809.8
94809.2
94813.3
94812.7
94817
94816.3
94820.6
94820
94824.3
94823.7
94827.6
94827
94831.6
94830.5
94835.9
94834.6
94840.2
94839
94844.5
94843.4
94848.6
94847.8
94851.1
94856.2
94853.9
94861.8
94859.3
94867.4
94864.9
94872.8
94870.4
94878.1
94875.8
94883.4
94881.1
94998
94997.2
94999
94996.5
94996
94994.6
94994.3
94992.6
94992.3
94990.6
94990.3
94988.6
94988.2
94986.7
94986.3
94985
94984.5
94983.4
94982.8
94981.8
94981.2
94980.3
94979.7
94978.9
94978.2
94977.6
94976.9
94976.5
94975.6
94975.6
94974.5
94975.1
94973.8
94974.6
94973.4
94974.2
94973
94973.7
94972.5
94973.3
94972
94973.1
94971.7
94972.9
94971.5
94972.9
94971.4
94973.1
94971.5
94973.6
94971.8
94974.3
94972.3
94975.1
94973.1
94976.1
94974.1
94977
94975.1
94922
94922.9
94921
94923.6
94924.2
94925.6
94926
94927.9
94928.2
94930.4
94930.5
94933.2
94933.1
94936.2
94938.2
94937.4
94935.6
94937.3
94935.6
94937.1
94935.8
94937.2
94936.1
94937.4
94936.4
94937.8
94936.8
94938.1
94937.2
94938.5
94937.6
94938.9
94937.9
94939.2
94938.3
94939.6
94938.7
94940
94939
94940.3
94939.4
94940.6
94939.7
94941
94940.1
94941.3
94940.5
94941.7
94940.8
94942.1
94941.2
94942.5
94941.7
94942.9
94942.1
94943.3
94942.5
94943.7
94943
94944.1
94943.4
94944.6
94943.9
94945
94944.3
94945.5
94944.7
94945.9
94945.1
94946.3
94945.5
94946.7
94945.9
94947.1
94946.2
94947.4
94946.6
94947.8
94947
94948.2
94947.4
94948.6
94947.9
94949
94948.4
94949.5
94949
94950.1
94949.6
94950.7
94950.2
94951.3
94950.7
94951.9
94951.3
94952.5
94951.7
94953
94952
94953.3
94952.3
94953.6
94952.3
94953.8
94952.2
94953.7
94952.1
94953.6
94952
94953.4
94952.2
94953.4
94952.9
94954
94945.1
94946.5
94949.1
94940.4
94941.9
94936
94937.6
94931.6
94933.2
94927
94928.8
94922.2
94924.1
94917.4
94919.2
94912.7
94914.4
94907.9
94909.6
94903
94904.7
94898.6
94900.1
94894
94895.5
94889.8
94891.2
94897.5
94897.6
94900
94894.5
94894.8
94891.3
94891.6
94888.3
94888.5
94885.3
94885.5
94882.4
94882.6
94879.6
94879.7
94977.8
94980.6
94982.2
94986.6
94984.9
94991
94989.3
94995.3
94993.6
94999.6
94998
95003.7
95002.4
94962.5
94964.4
94967
94958
94959.9
94953.4
94955.3
94948.7
94950.6
94944.1
94946
94939.5
94941.3
94935.1
94936.9
94930.3
94932.6
94925.1
94927.7
94920
94922.5
94914.8
94917.3
94909.6
94912.1
94880.7
94879.9
94881.7
94878.3
94878.2
94876.3
94875.8
94885.9
94888.6
94891.5
94913.8
94911.9
94909
94918.6
94916.7
94923.3
94921.6
94927.2
94925.9
94931.5
94929.7
94885.3
94886.8
94889.6
94880.9
94882.5
94876.6
94878.2
94886.2
94895
94927.7
94869.3
94871.4
94880.4
94864.9
94858.2
94872.2
94907.2
94952.2
94949.9
94948.3
94930.2
94879.9
94880.1
94911.7
94873.8
94728.5
94903.6
94898
94898.5
94881.8
95006.1
94882.9
94881.9
94903.7
94901.1
94901.4
94908.4
94905.6
95010.8
95013.1
94863.3
94863.5
94864.4
94980.8
94982.3
94916
94917.5
94922.1
94920.3
94870.3
94872.9
94870.3
94945.9
94944
94940.1
94941.1
94939.6
94937
94936.3
94937.3
95003.9
95002.3
94997.8
94999.4
94695.9
94694.2
94700.5
94698.8
94985
94986.3
94977.5
94975.9
94705
94703.3
94693.9
94695.5
94693.6
94695.2
94953.4
94954.7
94709.5
94707.8
94887
94885.1
94882.3
94879.8
94693.2
94694.8
94692.7
94694.4
94692
94693.8
94692.8
94936.3
94936
94939.8
94939.3
94875.1
94875.5
94882.1
94883.7
94888.9
94886.8
94898.1
94895.3
94941.8
94939.7
94913.1
94910.1
94934
94935.9
94932.2
94933.7
94927.8
94929.5
94923.1
94925.1
94876.1
94876.4
95010
95010.5
94876.8
94877
94713.8
94712
94718.4
94716.3
94723.6
94721.3
94918.1
94920.1
95017.9
95020.3
94886.4
94888.7
94873.9
94874.3
94968.9
94971.7
94977.2
94975.5
94973.2
94981.5
94979.7
94985.9
94984
94990.5
94988.7
94994.6
94993.1
94890.5
94893
94895.2
94932
94934.7
94953.5
94955
94728.1
94726.6
94728.8
94726.8
94729.4
94727.6
95025.4
95022.9
95030.6
95028
95035.8
95033.3
95041.1
95038.6
95046.4
95043.9
95051.7
95049.2
95057
95054.4
95062.2
95059.6
95067.4
95064.7
95072.5
95069.9
95077.5
95075.1
95080
95084
95081
95088.1
95085.3
95091.9
95089.3
95095.7
95093
95099.4
95096.6
95103.4
95100.5
95107.3
95104.4
95111.7
95108.7
95115.7
95113.1
95119.1
95116.8
94836.3
94832.8
94842.7
94846.1
94882.1
94883.6
94926.7
94923.6
95121.5
95119.6
95123.3
95121.3
95126.3
95123.6
95129.6
95127.1
95131.1
95133.3
95130.8
95134.1
94866.6
94866
94917
94913.4
94909.6
94912.5
94894.1
94896.8
94902
94899.5
94864.4
94868.1
94906.7
94904.3
94899.4
94901.3
94877
94874.5
94881.4
94878.6
94885.9
94883.3
95134.9
95132.9
95136.2
95134
95138.3
95136
95139.3
95137.6
95139.9
95138.4
95139.2
95138.3
95138.3
95137.2
95137.6
95136.4
95136.7
95135.8
95135.4
95134.8
95133.9
95133.3
95132.1
95131.6
95130.3
95129.8
95128.4
95127.9
95126.6
95126
95124.9
95124.5
95122.3
95122.4
95119.6
95119.6
95116.8
95116.8
95114.2
95114.1
95112
95111.7
95109.7
95109.6
95107
95107.2
95104.3
95104.5
95101.6
95101.7
95098.8
95099
95096.2
95096.3
95093.3
95093.6
95090.3
95090.7
95087.2
95087.6
95084.2
95084.6
95081.5
95081.6
95079.2
94853.7
94857.4
94905.4
94908.6
94910.2
94999
94997.2
95003.4
95001.6
94990.7
94989
94952.6
94954.7
94975.7
94973.2
94979.8
94976.8
94984
94981
94988.2
94985.3
94992
94989.3
94995.4
94992.8
94998.2
94995.9
95000
94998
95002.7
95000.1
95003.7
95004.7
95002.7
95006
95004
95007.1
95005.4
95007.1
95005.9
95007.1
95005.5
95008
95006
95008.7
95007
95009.3
95007.7
94869.7
94869.1
94729.8
94728.1
94730.2
94728.6
94730.7
94729
94731.3
94729.6
94731.9
94730.2
94732.7
94730.9
94733.5
94731.7
94734.3
94732.5
94735.1
94733.3
94735.9
94734.1
94736.7
94734.9
94737.7
94735.8
94738.9
94736.9
94740.1
94738.1
94741.5
94739.4
94742.9
94740.8
94744.4
94742.3
94746
94743.8
94747.6
94745.4
94749.2
94747
94750.7
94748.6
94752.4
94750.2
94754
94751.8
94755.7
94753.5
94757.5
94755.2
94759.2
94757
94761
94758.8
94762.8
94760.6
94764.5
94762.3
94766.3
94764.1
94768
94765.8
94769.7
94767.6
94771.5
94769.3
94773.2
94771
94774.9
94772.7
94776.7
94774.5
94778.5
94776.3
94780.5
94778.2
94782.5
94780.1
94784.5
94782.1
94786.7
94784.3
94789
94786.5
94791.4
94788.9
94793.8
94791.2
94796.2
94793.7
94798.7
94796.1
94801.3
94798.7
94803.9
94801.3
94806.5
94803.9
94809.2
94806.6
94811.8
94809.2
94814.5
94811.9
94817.1
94814.5
94819.9
94817.2
94822.8
94819.9
94825.8
94822.7
94893.9
94891.5
94950.4
94953
94948.3
94950.7
94946.2
94948.6
95074
95074.2
95076.7
95070.6
95071.2
95066.7
95067.7
95062.1
95063.5
95057.3
95058.7
95052.9
95054.2
95048.8
95050.2
95044.3
95046.1
95039.4
95041.4
95034.5
95036.4
95029.6
95031.5
95024.8
95026.7
95020.1
95021.8
95015.6
95017.2
95011.3
95012.8
95006.9
95008.4
94899.5
94899
94896.6
94903.2
94902.4
94907
94906.1
94910.8
94909.9
94914.5
94913.9
94694.3
94694.4
94695.2
94696.2
94695.8
94697
94696.5
94697.6
94697.2
94698.2
94698
94699
94698.9
94699.9
94699.9
94700.8
94701
94701.9
94702
94702.9
94703.2
94704
94704.4
94705.2
94705.6
94706.4
94707
94707.7
94708.2
94709
94709.4
94710.3
94710.5
94711.4
94711.4
94712.4
94712.2
94713.2
94713
94714
94713.6
94714.7
94714.4
94715.4
94715.3
94716.2
94716.4
94717.2
94717.6
94718.4
94718.9
94719.6
94720.4
94721
94721.9
94722.5
94723.6
94724.1
94725.3
94725.8
94727.2
94727.7
94729.3
94729.7
94731.4
94731.8
94733.5
94733.9
94735.6
94736
94737.7
94738.1
94739.7
94740.1
94741.8
94742.2
94743.8
94744.2
94745.9
94746.2
94747.9
94748.3
94750
94750.3
94752.1
94752.4
94754.2
94754.5
94756.2
94756.5
94758.3
94758.6
94760.3
94760.7
94762.4
94762.7
94764.6
94764.9
94766.8
94767
94769.1
94769.3
94771.4
94771.6
94773.8
94773.9
94776.2
94776.3
94778.6
94778.7
94781
94781.1
94783.5
94783.5
94786.2
94786.1
94788.8
94788.7
94791.6
94791.4
94794.3
94794.2
94797.1
94797
94799.9
94799.8
94802.4
94802.7
94804.1
94807.8
94806.8
94811.4
94810.7
94815
94814.3
94818.6
94817.9
94822.4
94821.6
94826.2
94825.5
94829.6
94829.4
94831.8
94836.4
94834.7
94840.9
94839.5
94845.3
94844
94849.8
94848.4
94854.8
94852.9
94860.2
94858.1
94865.6
94863.3
94870.9
94868.6
94876.3
94873.9
94881.7
94879.3
95007.3
95005.7
95007.1
95007
95005.5
95006.8
95005.3
95006.7
95005.3
95005.5
95002.2
95001
95002.6
95000.8
94999.9
94999.3
94998.6
94997.5
94997
94995.9
94995.2
94994.1
94895.4
94893
94892.6
94889
94889.7
94885.9
94886.1
94882.9
94883.1
94880
94880.2
94877.2
94877.3
94875.8
94879.4
94877.3
94875.2
94876.2
94872.8
94871.9
94873.6
94964.3
94966.5
94968.8
94959.5
94961.8
94954.7
94956.9
94950.1
94952.3
94945.5
94947.7
94940.9
94943.1
94938.3
94933.3
94935.8
94938.1
94929
94931.5
94924.2
94926.5
94928.5
94921.8
94918.2
94921.1
94914
94916.8
94910.4
94912.9
94906.7
94909.4
94925.8
94927.7
94927
94928.8
94929.2
94931
94931.2
94933.3
94933.5
94935.7
94935.8
94994.4
94992.6
94993.3
94991.6
94991.2
94989.7
94989.4
94987.6
94987.4
94985.6
94985.3
94983.5
94983.2
94981.7
94981.2
94980.1
94979.5
94978.5
94977.9
94977
94976.4
94975.5
94974.9
94974.2
94973.5
94972.8
94972.1
94971.4
94970.6
94970.9
94969.6
94970.5
94969.2
94970.1
94968.8
94969.6
94968.4
94969
94967.8
94968.6
94967.2
94968.5
94967
94968.4
94966.9
94968.3
94966.8
94968.5
94966.8
94969.1
94967.2
94969.9
94967.9
94970.9
94968.8
94972.3
94970.1
94941.1
94942
94940.3
94940.1
94941.6
94940.2
94941.6
94940.5
94941.8
94940.8
94942.1
94941.1
94942.5
94941.5
94942.8
94941.9
94943.2
94942.2
94943.5
94942.5
94943.9
94942.9
94944.2
94943.2
94944.5
94943.6
94944.8
94943.9
94945.2
94944.2
94945.5
94944.6
94945.8
94945
94946.2
94945.3
94946.6
94945.7
94947
94946.1
94947.4
94946.5
94947.8
94947
94948.2
94947.4
94948.6
94947.8
94949
94948.3
94949.5
94948.7
94949.9
94949.1
94950.3
94949.5
94950.7
94949.9
94951.1
94950.3
94951.5
94950.6
94951.8
94951
94952.2
94951.4
94952.6
94951.8
94953
94952.3
94953.5
94952.9
94954
94953.5
94954.7
94954.1
94955.3
94954.7
94955.9
94955.3
94956.5
94955.9
94957.1
94956.3
94957.6
94956.4
94957.8
94956.8
94958.1
94956.6
94958.2
94956.4
94957.9
94956.2
94957.7
94955.9
94957.3
94956.8
94957.5
94927.7
94930.6
94932.8
94935.6
94922.5
94925.1
94917.2
94919.8
94912
94914.6
94940.3
94937.1
94945.1
94942.2
94949.9
94947.1
94954.6
94951.8
94959.2
94956.6
94964
94961.4
95118.8
95133.9
94994.8
94975.8
94999.7
94997.5
95004.3
95002
95133.9
95135.1
95008.8
95006.4
95013.6
95010.9
95018.6
95015.9
95023.7
95021
95028.6
95026.1
95033.6
95031.1
95038.4
95036
95042.9
95040.6
95047.4
95044.9
95052.4
95049.5
95057.8
95054.8
95063.3
95060.5
95004.4
95005.7
94999.3
95001.1
95068.9
95066.1
94973.1
94973.7
95074.5
95071.7
95080.2
95077.6
95085.5
95083.3
95090.8
95088.8
95095.5
95093.8
95099.9
95098.2
95104.6
95102.6
95109.3
95107.4
95113.8
95111.9
94970.3
94969.4
94970.6
94968
94967.9
95133.4
95135.5
95135.6
95132.1
95134.2
95129.2
95131.9
95133.3
95127.1
95129.1
95125.2
95127.4
95123.3
95125.6
95121.4
95123.8
95119.4
95121.8
95117.4
95119.8
95115.1
95117.7
95112.1
95115
95109.1
95111.9
95106
95108.8
95102.8
95105.8
95099
95102.1
95095.6
95098.4
95092.5
95095.1
95089.4
95092.1
95086.4
95089.1
95083.4
95086.2
95079.8
95082.8
95076.4
95079.2
95073
95075.7
95069.5
95072.4
95065.9
95068.9
95061.6
95064.8
95057.7
95060.7
95053.2
95056.6
95048.6
95051.8
95043.7
95047
95038.5
95041.8
95033.4
95036.5
95028.5
95031.5
95023.5
95026.5
95018.5
95021.5
95013.5
95016.4
94987
94984.7
94985
94988.7
94986.6
94989.3
94987.8
94990.1
94988.3
94990.1
94982.8
94982.6
94980.5
94980.3
94978
94977.9
94975.5
94975.5
94973.1
94973
94970.7
94970.6
94968.2
94968.2
94989.4
94988.3
94988.9
94987.7
94988.6
94987.3
94988.4
94987
94988.5
94986.9
94988.8
94987.1
94989.4
94987.6
94990.2
94988.3
94990.9
94989.1
94991.5
94989.8
94991.9
94990.3
94992
94990.5
94992
94990.6
94991.9
94990.5
94991.9
94990.4
94992
94990.5
94992.3
94990.7
94993
94991.2
94993.9
94992
94995
94993
95007.9
95005.1
95003.9
94922.7
94931
94882.7
94866.9
94882.2
94886.4
94888.2
94917.3
94871.4
94873.8
94932.6
94897.9
94940.5
94879.1
94908.3
94905.8
94903.2
94905
94910.8
94908.4
94890.9
94892.6
94895.5
94914.1
94911.3
94901.2
94903.9
94945.5
94942.9
94951.4
94950
94947.9
94937.7
94934.7
94944.1
94942
94939.3
94949.7
94947.1
94957.6
94955.9
94953.4
94962.5
94960.8
94967
94965.3
94972
94969.9
94977
94974.9
94981.9
94979.8
94987.2
94986.6
94984.4
94991.1
94990.1
94995.2
94994.1
94997.9
94999.9
94999.2
95000.9
95001.3
94991.5
94993.6
94993.2
94995.3
94995.5
94990.3
94992.3
94988.7
94990.9
94987.4
94989.2
94986.9
94988.4
94986.1
94988.1
94984.1
94986.7
94998.1
94998
94982.4
94984.6
94980.6
94982.9
94978.7
94981.1
94976.7
94979.1
94975.1
94977.4
94973.3
94975.7
94971.7
94973.9
94970.4
94972.6
94968.5
94971
94966.7
94969.1
94964.2
94966.9
94962
94964.4
94959.5
94962.1
94956.7
94959.3
94954.4
94956.7
95001.2
95000.3
95001.4
95002.4
94887.9
94995.5
94962.3
94938.3
94940.1
95116.1
95102.6
94934.9
94903.4
95003
95003.3
94972.1
94997.9
94952
94904.2
95002.8
95003.6
95117.8
94877.4
94914.7
94915
94899.1
94891.7
94894.1
94896.4
94965.5
94913.6
95133.3
94904.9
94905.6
94929.3
94872.9
94872.7
94874.2
94971.2
94914.9
94916.8
94994.2
94899.6
94872.5
94869.6
94919.7
94917.4
94918.6
95007.7
95007.3
95005.6
94923.5
94921.3
94982
94980.7
94944.3
94946.5
94924.4
94922
94928.7
94926.3
95098.6
95099.7
94721.3
94723.6
94716.1
94718.2
94713.4
94968.3
94970
94966
94932.7
94724.7
94722.7
94725.3
94723.6
94700
94698.4
94704.5
94702.9
94925
94926.8
94993.4
94995
94938.5
94938.3
94942.7
94943.2
94698.1
94699.7
94973.3
94971.6
94697.8
94699.4
94941.8
94941.4
95004
95002.5
94998.1
94999.6
95094.5
95095.5
95091.3
95091.9
94708.9
94707.3
95018
95015.6
95023
95020.6
94976.2
94977.8
94957.9
94958.9
94984.7
94986.1
94697.3
94699
94696.6
94698.4
94870.4
94871
94896.4
94873.3
94873
94874.5
94874.5
94874
94874.2
95010.7
95008.1
95005.7
95007.8
94991
94991.8
94987.8
94988.7
94983.9
94985.2
94958
94959.6
94979.5
94981
94974.9
94976.3
94696.4
94695.6
95028.2
95025.6
94725.8
94724.1
94887
94884.7
94909.4
94906.6
94900.3
94901.5
94904.1
94904.6
94897.2
94892.3
94895.3
94890.5
94890
94888.2
94837.3
94840.4
94989.4
94991.2
94868.7
94867.5
94862.7
94864.3
94859.3
95033.4
95030.8
95087.7
95088.7
95004
95002.7
95005.1
95003.1
95038.7
95036.1
95044
95041.5
95049.3
95046.8
95054.5
95052
95059.6
95057.1
95064.7
95062.2
95069.7
95067.2
95074.8
95072
95079.7
95076.9
95084
95081.4
94957.7
94959.5
94921.3
94919.3
94907.9
94907.2
94726.2
94724.6
94726.7
94725.1
94727.3
94725.6
94728.1
94726.3
94728.9
94727.1
94729.8
94728
94730.6
94728.9
94731.3
94729.6
94732.1
94730.3
94733
94731.1
94734
94732
94871.9
94872.3
94735.2
94733.1
94736.5
94734.4
94737.9
94735.7
94739.5
94737.3
94741.1
94738.9
94742.7
94740.5
94744.3
94742.1
94745.9
94743.7
94747.4
94745.3
94749
94746.8
94750.7
94748.4
94752.4
94750.2
94754.3
94752
94756.1
94753.8
94757.9
94755.6
94759.6
94757.4
94761.4
94759.2
94763.2
94761
94764.9
94762.8
94766.7
94764.5
94768.3
94766.2
94770
94767.9
94771.8
94769.6
94773.6
94771.4
94775.5
94773.2
94777.4
94775.1
94779.4
94777.1
94781.6
94779.2
94783.9
94781.4
94786.2
94783.7
94788.6
94786.1
94791
94788.5
94793.5
94790.9
95132.1
95131.5
94796
94793.4
94798.6
94796
94801.4
94798.7
94804.1
94801.5
94806.7
94804.2
94809.3
94806.8
94811.9
94809.3
94814.5
94811.9
94817.1
94814.4
94819.8
94817
95002.3
95000.8
95002.2
95000.7
95002.4
95000.8
95002.3
95000.8
94911.9
94910.8
94915.7
94914.7
95130.5
95130
95128.8
95128.3
95127
95126.5
95125
95124.6
95123.1
95122.6
95121.5
95120.7
95120.2
95117.1
95117.5
95114.2
95114.4
94825.3
94827.6
94830.8
94955.4
94958
94959.2
94953.3
94955.5
94951.2
94953.6
95079.3
95076.7
95082.3
95079.6
95085.4
95082.8
95088.6
95086
94852.3
94849.1
94846.5
95091.6
95089.1
95093.9
95091.6
95096.5
95093.9
95099.2
95096.6
95102
95099.4
95104.8
95102.3
95107.2
95105
95108.7
95106.6
95111.4
95108.5
94930.4
94931.3
94929.6
94931.6
94932.1
94934
94934
94936.2
94936.5
94938.5
94938.7
94699.2
94700.6
94699.3
94699.8
94701
94700.4
94701.5
94701
94702.1
94701.8
94702.8
94702.7
94703.6
94703.7
94704.6
94704.8
94705.6
94705.9
94706.8
94706.9
94707.8
94708
94708.9
94709.2
94710
94710.5
94711.3
94711.9
94712.7
94713.2
94714
94714.3
94715.2
94715.3
94716.2
94716.1
94717.1
94716.8
94717.9
94717.5
94718.6
94718.1
94719.2
94718.9
94719.8
94720
94720.8
94721.1
94721.9
94722.4
94723.1
94723.8
94724.5
94725.3
94725.9
94726.9
94727.4
94728.6
94729.1
94730.4
94730.8
94732.5
94732.8
94734.6
94734.9
94736.8
94737.1
94738.9
94739.3
94740.9
94741.3
94742.9
94743.3
94745
94745.4
94747
94747.4
94749
94749.3
94751
94751.3
94753
94753.3
94755.1
94755.4
94757.2
94757.5
94759.2
94759.6
94761.3
94761.6
94763.4
94763.7
94765.4
94765.8
94767.5
94767.8
94769.7
94769.9
94771.9
94772.1
94774.1
94774.3
94776.5
94776.6
94778.8
94778.9
94781.2
94781.3
94783.6
94783.7
94785.9
94786
94788.4
94788.3
94791.1
94790.9
94793.8
94793.7
94796.6
94796.4
94799.4
94799.2
94802.3
94802.1
94805.3
94805
94808.8
94808.1
94812.9
94812.1
94816.4
94815.8
94820.1
94819.3
94823.8
94823
94827.8
94826.9
94831.8
94830.9
94836.4
94835.1
94841.3
94839.9
94845.9
94844.5
94850.2
94849
94854.3
94853
94859.1
94857.2
94864
94862
94869.2
94866.9
94874.4
94872
94879.9
94877.4
94990
94989.3
94990.8
94988.7
94988.2
94986.8
94986.5
94984.8
94984.5
94982.7
94982.4
94980.5
94980.3
94978.2
94977.9
94976.8
94976
94975.2
94974.6
94973.7
94973.1
94972.2
94971.6
94970.7
94970.1
94969.5
94968.8
94967.8
94967.4
94966.6
94965
94965.6
94966.3
94965
94965.8
94964.5
94965.8
94964.5
94964.6
94963.8
94964.2
94962.7
94964
94962.5
94963.9
94962.4
94963.7
94962.4
94963.3
94961.8
94964
94961.9
94964.7
94962.7
94966.5
94964.8
94963.7
94967.3
94964.8
94965
94944.6
94946.4
94945.9
94944.5
94945.8
94944.6
94946
94944.8
94946.2
94945.1
94946.5
94945.5
94946.8
94945.8
94947.2
94946.2
94947.5
94946.5
94947.8
94946.8
94948.1
94947.1
94948.4
94947.4
94948.7
94947.7
94949
94948.1
94949.3
94948.4
94949.7
94948.7
94950
94949.1
94950.3
94949.4
94950.7
94949.8
94951.1
94950.2
94951.4
94950.6
94951.8
94951
94952.2
94951.4
94952.6
94951.8
94953
94952.3
94953.5
94952.7
94953.9
94953.1
94954.3
94953.5
94954.8
94953.9
94955.2
94954.3
94955.5
94954.7
94955.9
94955
94956.3
94955.4
94956.7
94955.8
94957
94956.3
94957.5
94956.8
94958
94957.5
94958.6
94958.2
94959.3
94958.7
94959.9
94959.3
94960.4
94960
94961
94960.7
94961.9
94960.6
94962.2
94960.7
94961.8
94960.9
94962.9
94962.7
94960.8
94962.1
94960.5
94962.1
94960
94961.7
94960.1
95071.3
95069.1
95069.2
95066
95066.9
95061.7
95063.1
95057
95058.5
95052.3
95053.7
95048.1
95048.9
95045.5
95040.5
95042.8
95035.5
95037.5
95030.5
95032.5
95025.6
95027.5
95020.6
95022.6
95015.7
95017.5
95011.4
95012.8
95007
95008.5
94997.8
94995.9
94996.9
94995.6
94994.7
94994.3
94993.6
94992.1
94991.7
94883.3
94883
94885.4
94880.4
94880.4
94877.6
94877.7
94874.7
94874.8
94930.7
94927.8
94925.1
94936.3
94933.4
94919.8
94922.4
94914.4
94916.9
94941.5
94938.7
94946.4
94943.7
94951.2
94948.5
94955.9
94953.2
94960.7
94957.9
94901.6
95062.7
94959.7
94917
94926.1
95103.9
94961.9
94966.8
94965
95066.4
95089.4
95065.2
95111.4
94911.8
94909.4
94961.4
95000.5
94877.7
95071.3
95074.2
95102.9
95005.5
95006.7
95087.4
94942.4
94958
94964.4
94966.1
94928.7
94930.3
94967
94969.1
94958.8
94956.5
94697.5
94963.3
95011.2
95011.4
94711.9
94969.1
94966.5
94944.5
94971.8
94989.9
95004.7
95085.2
94940.6
94940.7
94717.6
94719.9
94720.7
94719
94721.3
94719.6
94965.1
94967.2
94958.6
94956.2
94866.8
94867.6
94943.7
94943.3
94962.5
94965.2
94978
94976.6
94964.6
94966.8
94969.1
94704.1
94702.6
94708.4
94706.9
94875.1
94875.1
94872.4
94993.7
94995.2
94989.4
94990.7
94702.3
94703.9
94702
94703.7
94918.8
94920.5
94945.1
94944.6
94948.1
94947.8
94922.3
94919.7
94701.3
94703.2
94870.2
94869.9
94721.7
94720.1
94872.2
94872.4
94980.4
94981.7
94964
94965.6
94862.8
94864.1
94867.5
94870.1
94857.9
94859.8
94854.7
95009.4
95008.6
94997.8
94996.3
94835.3
94832.3
94843.6
94840.9
94701.2
94700.2
94973.1
94971.8
94951.2
94948.8
94870.9
94871.3
95004.2
95002.7
94998.3
94999.8
94970.2
94968.3
94927.8
94925
94933.1
94930.4
94938.2
94935.5
94943.1
94940.5
94947.9
94945.3
95013.1
95015.6
94871.9
94872
94871.9
94871.9
94971.9
94969.6
94926
94924.1
94930.8
94929
94962.9
94964.8
94868.6
94869.1
95002.6
95000.8
94973.4
94971.4
94985.9
94984.3
94819.5
94822
94722.2
94720.6
94722.8
94721.1
94723.4
94721.6
95077.4
95074.6
95080.6
95077.9
95083.9
95081.2
95087.4
95084.8
95089
94724.3
94722.4
94725.3
94723.4
94726.2
94724.5
94726.9
94725.3
94727.5
94725.8
94728.2
94726.4
94729.2
94727.2
94962.9
94964.3
94962.1
94964
94961.3
94963.1
94960.7
94962.4
94960.3
94961.9
94959.9
94961.5
94959.5
94961.1
94959.1
94960.7
94958.7
94960.4
94958.4
94960
94958
94959.6
94957.6
94959.2
94957.1
94958.8
94956.7
94958.3
94956.3
94957.9
94955.8
94957.4
94955.4
94957
94955.1
94956.7
94954.7
94956.3
94954.3
94955.9
94953.9
94955.6
94953.6
94955.2
94953.2
94954.8
94952.8
94954.4
94952.5
94954.1
94952.2
94953.8
94951.9
94953.5
94951.6
94953.2
94951.4
94953
94951.1
94952.7
94950.8
94952.5
94950.5
94952.2
94950.2
94951.8
94949.8
94951.5
94949.4
94951.1
94949.1
94950.8
94948.8
94950.4
94948.6
94950.1
94948.9
94730.2
94728.2
95020.7
95018.2
95025.8
95023.2
95030.9
95028.4
95036.2
95033.6
95041.7
95039.1
95047.1
95044.6
95052.2
95049.8
94952.6
94950
94957.1
94954.5
94731.4
94729.3
94732.8
94730.6
94734.4
94732.1
94736.1
94733.8
94737.8
94735.5
94739.5
94737.3
94741.1
94739
94742.6
94740.5
94744.1
94742
94745.6
94743.4
94747.3
94745
94749.2
94746.9
94751.1
94748.8
94753
94750.7
94754.7
94752.5
94756.5
94754.3
94758.3
94756.1
94760.1
94757.9
94761.9
94759.7
94763.5
94761.4
94765.2
94763
94766.9
94764.7
94768.7
94766.4
94770.6
94768.3
94772.5
94770.2
94774.3
94772
94776.4
94774
94778.7
94776.2
94781.1
94778.6
94783.5
94781
94785.8
94783.3
94788.3
94785.7
94790.7
94788.1
94862.9
94865.6
94857.8
94860.6
94855.1
94850.9
94854.3
94846.3
94849.6
94841.7
94845
94837.2
94840.4
94833
94836.1
94829
94832
94825.1
94828
94821.3
94824.2
94818
94820.6
95100
95100.5
95097.1
95097.4
95094.2
95094.4
95091.4
95091.5
94959.7
94957.6
94793.3
94790.6
94796.1
94793.3
94799
94796.2
94801.7
94799.1
94804.3
94801.7
94806.8
94804.3
94809.2
94806.7
94811.6
94809
94814.1
94811.4
94997.6
94996.1
94997.6
94995.9
94998
94996.4
95057.2
95054.8
95062.1
95059.7
95067.3
95066.2
95064.3
95071.4
95069.2
95075.8
95073.1
95080.9
95078.1
94961.1
94959.1
94958.4
94975.4
94972.7
94971.9
94977.8
94975.4
94979.9
94977.6
94982
94979.7
94984.1
94981.9
94985.9
94984
94986.7
94985.2
94814
94816.8
94818.3
94810.6
94813.2
94807.5
94810.2
94804.5
94807.1
94801.6
94804.2
94798.8
94801.3
94796
94798.6
94793.3
94795.8
94790.6
94793
94788.5
94790.7
94786.2
94788.7
94783.8
94786.3
94781.5
94783.9
94779.1
94781.6
94776.9
94779.3
94774.7
94777.1
94772.6
94774.9
94770.5
94772.9
94768.5
94770.9
94766.4
94768.8
94764.3
94766.7
94762.3
94764.6
94760.2
94762.5
94758
94760.4
94756
94758.3
94753.9
94756.2
94752
94754.3
94750.2
94752.5
94748.1
94750.6
94746.1
94748.5
94744.2
94746.5
94742.2
94744.6
94740
94742.5
94737.6
94740.2
94735.5
94737.8
94733.5
94735.8
94731.7
94733.9
94730.1
94732.2
94728.6
94730.7
94727.2
94729.2
94725.8
94727.8
94724.6
94726.5
94723.5
94725.4
94722.3
94724.1
94722
94723.4
94721.4
94723.2
94720.7
94722.5
94719.9
94721.7
94719.2
94721
94718.2
94720.2
94716.9
94719
94715.5
94717.6
94714
94716.1
94712.8
94714.7
94711.8
94713.7
94710.7
94712.7
94709.7
94711.7
94708.5
94710.5
94707.3
94709.3
94706.3
94708.1
94705.5
94707.2
94704.8
94706.4
94704.3
94705.9
94703.9
94705.5
94703.7
94705.3
95007.1
95008.4
94826.3
94823.4
94821.3
94934
94935.6
94934.6
94935.9
94939.1
94940
94938.5
94941.4
94941.5
94848.4
94850.5
94853.5
94992.9
94992
94993.6
94991.7
94990.9
94990.6
94989.5
94989.3
95061
95088.7
95053.8
95010.4
95071.3
94966.7
95008.8
95084.5
95083.3
94965.8
94966
94965.8
95066.1
95063.9
95048.6
95050.5
95043.8
95045.4
95041
94999.5
95001
95015.7
95013.1
95011.2
95020.9
95018.3
95025.9
95023.4
95031
95028.5
95036.1
95033.6
94996
94994
94968.1
94965.6
94965.7
94970.4
94967.9
94972.8
94970.3
94975.3
94972.8
94977.7
94975.2
94979.9
94977.5
94982
94979.6
94984.1
94981.8
94984.9
94985.4
94983.5
94985.5
94984.1
94984.9
94983.7
94984.5
94983.3
94984.1
94982.9
94984
94982.6
94984.2
94982.6
94984.6
94982.8
94985.3
94983.4
94986.2
94984.3
94986.9
94985.2
94987.4
94985.8
94987.7
94986.1
94987.8
94986.3
94987.7
94986.4
94987.5
94986.2
94987.6
94986.1
94987.8
94986.2
94988.2
94986.5
94989.1
94987.2
94990
94988.1
95003.5
95000.8
94999.5
94961.3
94969.8
94947.1
94969.2
94972
94955.3
94951.9
94954.2
94997.9
95000.2
94996.5
94998.4
94994.7
94996.7
94973.5
94973.9
94975.6
94977.2
94976.1
94976.6
94977.4
94978.9
94979.1
94980.4
94981.3
94981.8
94982.4
94984.1
94984.3
94985.8
94986.5
94987.4
94988
94989.1
94989.4
94993.4
94996
94996.3
94991.7
94993.7
94991.3
94991.2
94992.9
94991.8
94981.4
94980.3
95038.9
94992.8
94967.2
94998.3
95002.4
95001.3
94984.5
95007.1
94986.8
94870.1
95068.1
95068.5
94953.4
94955.2
94949.2
94702.2
94867.3
94986.7
94986.7
94966.9
94968.7
94712.8
94715.1
94710.9
94705
94703.7
94865.9
94865.4
94968.9
94966.9
94959
94961.5
94708.2
94706.7
94862.2
94862.7
94859.5
94855
94857.6
94923.4
94925.2
94925
94930.3
94927.9
94935.2
94932.7
94940.1
94937.5
94944.8
94942.3
94949.5
94947
94716.3
94714.6
94716.8
94715.2
94717.1
94715.5
94717.7
94716
94868.1
94867.8
94944
94943.6
94945.2
94706.6
94708.1
94946.6
94947.1
94706.3
94708.1
94950.3
94950
94965.8
94967.7
94970.4
94973.3
94971
94974.9
94973
94965.1
94966.8
94964.6
94966.2
94964.3
94965.8
94964
94965.6
94963.6
94965.3
94963.2
94964.8
94962.8
94964.4
94828.1
94830.9
94962.4
94964.1
95004.3
95002.9
94998.5
95000.1
94869.5
94869.3
94845.6
94843.4
94950.8
94950.5
94718.2
94716.5
94962
94963.7
94929.8
94927.7
94935
94933.5
94995.4
94993.9
94977.2
94974.7
94979.5
94977.2
94989.6
94991.2
94869.3
94869.5
94869
94869.3
94954
94951.5
94836.2
94838.8
94961.6
94963.2
94961.1
94962.7
94960.6
94962.3
94960.2
94961.8
94959.8
94961.4
94959.5
94961.1
94959.2
94960.8
94958.8
94960.5
94958.5
94960.1
94958.1
94959.7
94957.7
94959.3
94957.3
94958.9
94957
94958.5
94956.6
94958.2
94956.4
94957.9
94866.7
94867.1
94956.1
94957.6
94955.9
94957.4
94955.7
94957.2
94718.6
94717
94816.5
94813.9
94818.4
94816.1
94982
94979.7
94982.7
94719.3
94717.4
94720.8
94718.6
94721.9
94720.1
94722.6
94721
94723.1
94721.6
94723.3
94721.8
94724.3
94722.2
94725.3
94723.3
94726.4
94724.4
94727.5
94725.4
94729.3
94726.9
94731
94728.8
94732.7
94730.5
94734.6
94732.3
94736.4
94734.2
94737.9
94735.9
94739.2
94737.2
94740.6
94738.5
94742.2
94739.9
94744
94741.6
94746.1
94743.7
94748
94745.8
94749.8
94747.6
94751.6
94749.4
94753.4
94751.1
94755.3
94753
94757.2
94755
94758.8
94756.7
94760.3
94758.3
94761.9
94759.8
94763.7
94761.4
94765.6
94763.2
94767.6
94765.3
94769.3
94767.1
94771.1
94768.7
94773.6
94770.9
94776
94773.5
94778.3
94775.9
94780.7
94778.2
94783
94780.5
94785.4
94782.9
94787.9
94785.3
94955.4
94957
94955.2
94956.8
94954.9
94956.5
94954.5
94956.2
94954.1
94955.8
94953.7
94955.3
94953.3
94955
94952.8
94954.4
94790.5
94787.7
94793.8
94790.8
94796.7
94794.1
94799.3
94796.8
94801.7
94799.3
94804
94801.6
94806.2
94803.8
94808.5
94805.9
94938.3
94939.8
94817.9
94815.7
94812.6
94815.6
94809.5
94812.2
94806.5
94809.1
94803.6
94806.1
94800.9
94803.4
94798.1
94800.6
94795
94797.5
94793.5
94791.3
94794
94788.7
94791.3
94786.4
94788.8
94784.1
94786.5
94781.8
94784.2
94779.6
94782
94777.6
94779.9
94775.6
94777.9
94773.7
94776
94771.6
94774
94769.5
94771.9
94767.3
94769.8
94765.2
94767.6
94763.1
94765.5
94760.9
94763.3
94758.8
94761.1
94756.9
94759.1
94755.2
94757.4
94753.4
94755.8
94751
94753.5
94749.3
94751.4
94747.5
94749.9
94745.5
94748
94742.7
94745.5
94740.4
94742.7
94738.3
94740.6
94736.4
94738.5
94734.7
94736.7
94733.3
94735.3
94731.9
94733.9
94730.5
94732.5
94729.1
94731.1
94728.1
94729.9
94726.8
94728.8
94726.3
94726
94727.8
94725.3
94727.1
94724.5
94726.3
94723.7
94725.4
94723.3
94725
94721.9
94724.2
94720.4
94722.6
94718.8
94721
94717.3
94719.3
94716.5
94718.2
94715.6
94717.6
94714.6
94716.6
94713.4
94715.5
94712
94714.1
94710.7
94712.6
94709.8
94711.5
94709.1
94710.7
94708.5
94710.1
94708.4
94709.8
94708.3
94709.8
94822.4
94821.1
94826
94825
94829.9
94828.9
94833.9
94832.8
94838
94836.9
94842.3
94841
94846.8
94845.4
94851.4
94849.9
94856.1
94854.6
94861.2
94859.1
94943.1
94944
94822.5
94824.3
94827
94849.6
94847.1
94845.1
94952.1
94952.9
94712.1
94985.5
94969.2
94963.3
95004.6
94932.5
95003.1
94866.8
94864.2
94710.9
94712.4
94711
94712.6
94711.1
94712.9
94954.5
94953.6
94704.9
94705.5
94707.1
94834.8
94832.4
94707.8
94709.6
94828.6
94831.2
94714
94712
94713.9
94712.6
94853.6
94851.3
94935.1
94934.9
94937.4
94942
94939.6
94838.8
94840.8
94970.4
94969.1
94994
94995.6
94989.6
94990.9
94955.8
94958.2
94842.4
94840.3
94865.8
94866.2
94863.5
94863.9
94860.4
94860.8
94858
94946.4
94943.9
94866.4
94866.3
94937.7
94939.3
94942.5
94944.3
94968.4
94970.1
94972.5
94817.9
94819.8
94951.3
94948.6
94714.4
94712.6
94712.9
94716.3
94713.9
94712.2
94974.6
94972.5
94977.7
94974.9
94968.7
94969.9
94968.1
94969.9
94967.6
94969.3
94967.3
94968.8
94966.9
94968.5
94966.5
94968.2
94966
94967.7
94965.5
94967.2
94952.9
94952.8
94965
94966.7
94964.6
94966.2
94867.3
94867.3
94964.2
94965.7
94963.9
94965.4
94963.7
94965.2
94963.4
94965
94865
94864.7
94963
94964.7
94962.6
94964.3
94962.1
94963.8
94961.7
94963.3
94961.4
94962.9
94961
94962.6
94960.7
94962.3
94998.9
95000.5
94960.5
94962
94717.6
94715.9
94960.3
94961.8
94960.1
94961.6
94960
94961.5
94820.6
94822.3
94959.8
94961.4
94959.6
94961.2
94959.2
94960.9
94958.7
94960.4
94958.2
94959.9
94957.8
94959.5
94957.2
94959
94808.3
94811
94813.3
94810.8
94948.9
94948
94952.4
94951.8
94946.7
94946.5
94712.6
94713.5
94713.3
94714.2
94714
94714.9
94860.9
94863.9
94856.3
94859.6
94851.6
94854.7
94847.1
94850.2
94842.8
94845.8
94838.7
94841.7
94834.7
94837.6
94830.6
94833.5
94826.5
94829.4
94981.1
94978.3
94984.6
94981.8
94987
94984.8
94715
94715.6
94717
94717.3
94719.2
94719.2
94718.4
94720.4
94719.5
94721.5
94720.5
94722.4
94721.1
94721.8
94724.1
94723.8
94726
94725.4
94727.7
94727.1
94729.5
94727.6
94729.5
94731.9
94719.1
94718.1
94718.4
94717.5
94733.3
94731.5
94728.1
94729
94729
94729.9
94730
94730.9
94846.9
94849.7
94734.5
94732.6
94735.7
94733.7
94736.9
94734.8
94738.6
94736.1
94741.1
94738.4
94743.2
94740.9
94745
94742.8
94746.7
94744.5
94748.3
94746.1
94750.5
94748
94752.5
94750.2
94754.2
94752.2
94755.6
94753.7
94756.9
94754.9
94758.6
94756.3
94760.4
94758
94762.8
94760.3
94764.3
94762.4
94765.8
94763.7
94730.8
94731.9
94731.8
94732.9
94732.3
94733.5
94733.6
94734.1
94735.1
94735.6
94736.6
94737.1
94737.9
94738.6
94739
94739.6
94741
94741.1
94743
94743.2
94745.1
94745.2
94747.6
94747.2
94751
94751.8
94750.2
94752.8
94753.4
94754.3
94755.1
94755.7
94758.6
94759.5
94758.1
94760.1
94760.8
94761.5
94762
94763.6
94763.7
94765.9
94766
94768.1
94768.3
94770.3
94770.5
94772.5
94772.7
94774.7
94774.9
94776.8
94777.1
94778.9
94779.3
94780.6
94781.2
94782.4
94782.8
94784.5
94784.7
94786.8
94786.9
94789
94789.2
94791.2
94791.4
94793.5
94793.4
94796.7
94796.3
94799.9
94799.6
94803
94802.8
94805.7
94805.6
94808.3
94808.1
94811.3
94810.9
94814.5
94813.9
94817.9
94817.2
94768.4
94765.9
94770.9
94768.5
94773.3
94770.8
94775.6
94773.1
94777.8
94775.4
94780.1
94777.6
94782.5
94779.9
94784.8
94782.2
94788.8
94786.1
94784.3
94791.8
94789.5
94794.3
94791.9
94796.7
94794.3
94799
94796.6
94801.1
94798.8
94802.8
94800.5
94823.4
94820.8
94819.1
94999.3
94996.5
94994.8
94996.7
94995.2
94963.2
94962.2
94963
94963.3
94990.9
94989
94981.1
94979.6
94980.9
94980.5
94979.3
94980.6
94979.4
94979.2
94978.6
94977
94976.7
94974.8
94974.6
94972.6
94972.4
94970.2
94970.1
94967.7
94967.6
94980
94978.8
94979.6
94978.3
94965.2
94965
94963.3
94963
94979.6
94978
94979.8
94978.1
94980.3
94978.4
94981.5
94979.4
94982.4
94980.6
94983
94981.3
94983.3
94981.8
94983.5
94982
94983.6
94982.2
94983.4
94982.2
94983
94981.7
94983.4
94981.7
94983.3
94981.8
94984.3
94982.1
94985.3
94983.4
94764.9
94959.6
94709.6
94972.8
94736.2
94797.8
94785.2
94716.8
94751.3
94749.4
94710
94708.1
94802.6
94736.4
94738.4
94738.1
94805.4
94805.4
94749.7
94747.6
94808.1
94808
94787.3
94787.2
94855.6
94825.1
94740.3
94739.8
94747.8
94745.6
94937.9
94939.8
94942.6
94987
94741.9
94741.3
94745.6
94743.3
94955
94836.3
94795.9
94796.2
94743.3
94742.4
94957.4
94793.9
94794.1
94791.7
94791.8
94789.5
94789.4
94822
94820.8
94941.8
94943.5
94943.5
94824.9
94827.4
94953.6
94955.7
94864
94864.8
94861
94864.1
94864.8
94972
94973.7
94976.5
94971.7
94973.2
94971.4
94973
94810.4
94810.4
94813
94815.2
94816.7
94814.8
94812.8
94812.6
94861.5
94861.9
94858.4
94858.8
94842
94844.5
94950
94949.4
94971.1
94972.7
94970.6
94972.3
94970
94971.7
94969.4
94971.1
94968.9
94970.5
94968.4
94970
94968.2
94969.6
94968.1
94969.5
94967.9
94969.5
94967.7
94969.3
94967.3
94969
94966.7
94968.5
94966.1
94967.8
94965.7
94967.3
94965.4
94966.9
94965.1
94966.6
94964.8
94966.3
94964.6
94966.1
94856.3
94859.2
94862.6
94863
94996.2
94994.5
94989.7
94991.6
94832.9
94835.6
94837.5
94948.5
94946.2
94964.5
94965.9
94851.8
94854.8
94964.5
94965.9
94964.5
94966
94847.5
94850.4
94843.5
94846.3
94839.4
94842.4
94835.2
94838.2
94831
94833.9
94964.3
94965.9
94954.2
94953.3
94964
94965.7
94963.4
94965.3
94962.7
94964.5
94962.3
94963.9
94962
94963.7
94955.6
94955.4
94979.8
94977.3
94982
94979.8
94816.1
94815.4
94820.7
94818.7
94819.3
94949.1
94949.4
94947.2
94850.3
94853.2
94855.6
94975.7
94946
94948
94823.3
94953.8
94951.3
94863.2
94860.6
94856.4
94859.2
94861.1
94860.5
94822.9
94822.1
94977.2
94976
94851.9
94854.8
94859.5
94859.9
94856.5
94856.8
94853.7
94975.7
94977.4
94958.1
94826.6
94825.1
94829.6
94985
94982.2
94986.6
94984.6
94828.8
94831.7
94995.3
94996.9
94848.2
94850.8
94844.3
94847.3
94839.9
94843.1
94835.6
94838.6
94990.8
94992.8
94975.2
94976.9
94974.5
94976.3
94973.9
94975.6
94973.2
94974.9
94972.6
94974.2
94972.2
94973.7
94972.3
94973.5
94972.6
94974
94972.1
94973.8
94972.3
94973.7
94971.4
94973.5
94970.5
94972.3
94970
94971.6
94969.7
94971.2
94969.4
94970.9
94969.1
94970.7
94968.8
94970.3
94968.6
94970.1
94968.8
94970.1
94969
94970.4
94969
94970.6
94836.8
94833.7
94839.1
94951.6
94951.8
94955
94954.1
94957.8
94957.2
94968.8
94970.4
94968.5
94970.3
94967.3
94969.4
94966.5
94968.1
94966.7
94968
94844.9
94848
94958.1
94957.5
94959.5
94959.6
94963.4
94962.3
94952
94954.4
94954.3
94995.6
94960.5
94960.9
94961.6
94959
94989.9
94991.8
94992.3
94990.6
94984.2
94985.9
94979.3
94977.7
94979
94978.6
94977.4
94978
94977
94979.4
94978
94979.5
94978.1
94976.9
94976.4
94979.1
94978.2
94978.8
94976.6
94977
94978.8
94979
94976.8
94980.9
94978.7
94975.3
94973.6
94974.5
94975.1
94973.6
94975
94973.5
94975.2
94973.4
94976.3
94974.3
94976.4
94975
94977
94975.4
94976.6
94975.5
94975.6
94974.8
94973.9
94973.5
94971.9
94971.5
94969.8
94969.5
94967.5
94967.4
94965
94965
94962.5
94962.6
94960.2
94959.1
94960.2
94976.8
94976.5
94971.9
94824.1
94950.9
94956.4
94980.2
94956.1
94972.6
94952.8
94974.8
94827.1
94956.8
94970.7
94972.4
94970.7
94826.6
94825.5
94857.8
94855.4
94857.5
94852.8
94981.6
94980.1
94986.1
94988.3
94992.9
94956.6
94958.9
94848.7
94851.6
94976.2
94977.5
94979.1
94981.1
94830.9
94829.4
94834
94966.4
94968.1
94854.5
94854.8
94976.1
94977.3
94962.5
94964.1
94972.7
94973.9
94973.1
94974.3
94973.4
94974.6
94973.7
94975
94974
94975.2
94974.2
94975.4
94957.7
94959.8
94959.7
94960.9
94963.3
94960.5
94961.8
94976.9
94977.7
94977.7
94978.6
94978.4
94979.4
94843
94840.2
94838.4
94840.2
94832.9
94835.2
94844.5
94842.9
94849.5
94849.4
94847.3
94975.7
94972.6
94962.5
94958.2
94991.2
94957.5
94980
94981.4
94972.8
94965.1
94962.6
94972
94971
94971
94970.3
94987
94984.9
94987.8
94986
94968.7
94968.6
94966.8
94966.2
94955.6
94830.2
94827.7
94980
94852.4
94983.8
94964.7
94967.7
94966.5
94852
94980.2
94980.1
94987.3
94988.5
94981.4
94982.2
94982.2
94983.2
94986.7
94983.9
94984.5
94982.9
95000.3
)
;

boundaryField
{
    inlet
    {
        type            calculated;
        value           nonuniform List<scalar> 
14
(
94677.9
94682.9
94687.9
94693
94698
94703.1
94708.1
94713.1
94718.2
94723.2
94728.3
94733.3
94738.3
94743.4
)
;
    }
    outlet
    {
        type            calculated;
        value           nonuniform List<scalar> 8(94888.3 94883.4 94878.5 94873.6 94868.7 94863.8 94858.8 94853.9);
    }
    frontandback
    {
        type            empty;
    }
    sides
    {
        type            calculated;
        value           nonuniform List<scalar> 
790
(
94673.3
94673.6
94673.9
94674.3
94674.6
94674.9
94675.2
94871.7
94870.4
94869.1
94868.4
94868.8
94870.5
94872.9
94875.4
94877.4
94878.7
94879
94878.9
94878.7
94878.6
94879.2
94880.7
94882.9
94885.5
94887.6
94888.5
94888.3
94888
94888.6
94890.7
94894.2
94898.7
94903.4
94908
94912.5
94916.2
94919
94921.4
94923.9
94926.7
94930.3
94934.7
94939.6
94944.6
94949.6
94954.4
94959.2
94963.9
94968.6
94973.2
94977.6
94981.7
94985.2
94988
94989.9
94990.5
94989.6
94987.6
94985.3
94983.2
94981.5
94980.2
94979.2
94978.3
94977.2
94976
94974.4
94972.6
94970.7
94968.6
94966.6
94964.7
94963
94961.4
94959.9
94958.4
94956.8
94955
94953.1
94950.7
94947.7
94943.6
94938.8
94933.8
94929
94924.2
94919.5
94914.6
94909.7
94904.8
94899.8
94894.8
94889.8
94884.8
94879.8
94874.8
95042.7
95046.7
95050.6
95054.6
95058.5
95062.3
95065.8
95069.1
95072.2
95075.3
95078.3
95081.4
95084.6
95087.8
95091
95094.2
95097.3
95100.3
95103.1
95105.6
95107.9
95110.1
95112.1
95114.1
95116.1
95118.1
95120.1
95121.7
95123.1
95123.9
95124.1
95123.8
95122.8
95121.3
95119.2
95116.6
95113.5
95109.8
95105.7
95101.2
95096.5
95091.9
95087.3
95082.7
95078.1
95073.4
95068.5
95063.6
95058.6
95053.7
95048.8
95044
95039.1
95034.2
95029.4
95024.5
95019.6
95014.7
95009.8
95004.8
94999.9
94995
94990.1
94985.4
94981.2
94979.2
94979.9
94982
94984.5
94987.2
94989.9
94992.4
94994.8
94996.8
94998.4
94999.3
94999.7
94999.6
94999.2
94998.7
94998.3
94998.1
94998.2
94998.7
94999.5
95000.4
95001.3
95001.9
95002.3
95002.3
95002.1
95001.8
95001.7
95001.7
95002
95002.6
95003.5
95005
95007.3
95010.9
95015.5
95020.3
95024.9
95029.4
95033.9
95038.4
94746
94746.1
94746.3
94746.4
94746.5
94746.7
94746.8
94747.1
94747.6
94748
94748.5
94749
94749.4
94750
94750.7
94751.3
94752
94752.6
94753.2
94754.2
94755.6
94756.9
94758.3
94759.6
94760.9
94762.4
94764
94765.5
94767.1
94768.7
94770.3
94771.9
94773.5
94775.2
94776.8
94778.5
94780.1
94781.8
94783.5
94785.2
94786.8
94788.5
94790.2
94791.9
94793.6
94795.5
94797.7
94799.8
94801.9
94804.1
94806.2
94808.4
94810.7
94813.1
94815.5
94818
94820.4
94822.9
94825.3
94828
94830.8
94833.6
94836.5
94839.5
94842.8
94846.1
94849.4
94853.4
94858.1
94862.7
94867.4
94871.7
94875.5
94879.4
94883.1
94886.7
94889.9
94892.5
94894.2
94895.2
94896
94898.1
94902.1
94907
94911.8
94916.4
94921
94925.8
94930.7
94935.5
94940.3
94945.2
94950.2
94955
94959.6
94963.8
94967.5
94970.7
94973.4
94975.4
94976.6
94975.7
94972.3
94967.6
94962.7
94957.8
94953
94948.5
94944.2
94940
94935.6
94930.9
94926.1
94921.3
94916.5
94912.1
94907.9
94903.8
94899.8
94896.7
94894.4
94892.1
94889.8
94887.6
94887.8
94890.6
94893.3
94896.1
94899.3
94902.8
94906.4
94910
94914.1
94918.9
94923.6
94928.4
94933.2
94937.8
94942.4
94947
94951.5
94956.1
94960.5
94964.8
94969.1
94974
94979.4
94984.4
94988.8
94993.2
94997.7
95000.9
95003
95005.1
95008.7
95013.9
95019.1
95024.3
95029.5
95034.7
95040.1
95045.7
95051.3
95056.9
95062.3
95067.6
95072.9
95078.1
95082.8
95086.7
95090.6
95094.6
95098.5
95102.5
95106.6
95110.6
95114.6
95118.6
95122.7
95126.7
95130.7
95134.1
95136.9
95139.7
95142.5
95145.3
95148.1
95150.2
95151.5
95152.9
95154.2
95155.6
95156.9
95158.3
95158.8
95158.5
95158.1
95157.8
95157.5
95156.5
95154.8
95153
95151.3
95149.6
95147.9
95145.7
95142.9
95140.2
95137.5
95134.8
95132
95129.3
95126.6
95123.9
95121.1
95118.2
95114.9
95111.7
95108.5
95105.2
95102
95098.7
95095.4
95091.8
95088.3
95084.7
95081.2
95077.2
95072.8
95068.4
95064
95059.5
95054.9
95050.3
95045.6
95041
95036.4
95032.2
95028.4
95024.6
95020.8
95017
95013.9
95011.4
95009
95006.5
95004.5
95002.8
95001.1
94999.5
94997.8
94996.1
94994.5
94992.8
94991.7
94991.1
94990.5
94989.9
94989.4
94989.1
94988.8
94988.5
94988.1
94987.8
94987.8
94988.1
94988.6
94989.4
94990.1
94990.9
94991.6
94992.4
94993.2
94995.7
94999.9
95004.1
95008.3
95012.5
95015.4
95017
95018.6
95020.2
95021.8
95023.4
95024.9
95025.9
95026.4
95026.8
95027.2
95027.6
95028
95028.4
95028.3
95027.6
95026.9
95026.2
95025.5
95024.8
95024.1
95023.4
95021.8
95019.3
95016.8
95014.2
95011.7
95009.2
95005.9
95001.7
94997.6
94993.5
94989.3
94985.2
94980.8
94976.1
94971.4
94966.7
94962
94957.3
94952.6
94948
94943.3
94938.7
94934.1
94929.6
94925.1
94920.6
94916.3
94912.4
94908.5
94904.6
94900.6
94896.7
94892
94886.4
94882.6
94880.6
94878.6
94876.7
94876.8
94879.1
94881.5
94883.8
94885.9
94887.8
94889.8
94851.3
94850.9
94850.6
94850.2
94849.8
94849.4
94849.5
94850
94850.5
94851.6
94853.4
94855.1
94856.9
94858.7
94860.5
94862.2
94864
94864.6
94864.1
94863.5
94863
94862.4
94861.7
94860.9
94860
94859.2
94858.3
94857.5
94856.7
94855.6
94854.3
94853.1
94851.8
94850.5
94849.4
94848.5
94847.5
94846.5
94845.6
94844.6
94843.7
94842.7
94843.4
94845.9
94848.5
94851.2
94853.7
94855.9
94857.7
94858.8
94859
94858.4
94856.9
94854.6
94851.6
94848
94844.1
94840.5
94837.8
94837
94838.4
94841.3
94845.3
94850.2
94855.1
94859.8
94864.1
94867.8
94870.8
94873.2
94874.7
94875.5
94876
94876.3
94876.8
94877.8
94880
94883.4
94887.8
94892.4
94897.1
94901.7
94906.5
94911.2
94915.9
94920.6
94925.3
94928.7
94930.8
94932.8
94934.9
94937
94938
94938
94938
94938
94938
94938
94938
94937.7
94937.2
94936.6
94936.1
94935.5
94935
94934.5
94933.9
94933.5
94933.1
94932.8
94932.4
94932.1
94931.7
94931.4
94931.1
94930.6
94930.2
94929.7
94929.2
94928.7
94928.2
94927.7
94927.2
94926.8
94926.3
94925.9
94925.5
94925
94924.6
94924.2
94923.7
94923.3
94922.9
94922.5
94922
94921.6
94921.2
94920.8
94920.3
94919.9
94919.4
94918.9
94917.5
94915
94912.5
94910.1
94907.6
94905.1
94901.9
94897.9
94893.8
94889.8
94885.8
94881.8
94877.2
94872.1
94867
94861.8
94856.7
94851.5
94846.6
94841.7
94836.9
94832.1
94827.6
94823.3
94819
94814.8
94810.5
94806.2
94802.5
94799.3
94796
94792.8
94789.6
94786.4
94783.4
94780.7
94778
94775.3
94772.6
94769.9
94767.2
94764.5
94761.9
94759.4
94757
94754.5
94752
94749.6
94747.1
94744.8
94742.8
94740.7
94738.6
94736.5
94734.5
94732.3
94730
94727.7
94725.5
94723.2
94720.9
94718.7
94716.4
94714.1
94711.9
94709.6
94707.7
94706.1
94704.5
94702.9
94701.3
94699.7
94698.1
94697
94696.4
94695.8
94695.2
94694.5
94693.9
94693.3
94692.3
94691
94689.6
94688.3
94686.9
94685.5
94684.2
94682.8
94681.7
94680.9
94680.1
94679.3
94678.4
94677.6
94676.8
94676.1
94675.4
94674.8
94674.1
94673.5
)
;
    }
}


// ************************************************************************* //
