/*--------------------------------*- C++ -*----------------------------------*\
| =========                 |                                                 |
| \\      /  F ield         | OpenFOAM: The Open Source CFD Toolbox           |
|  \\    /   O peration     | Version:  2.3.0                                 |
|   \\  /    A nd           | Web:      www.OpenFOAM.org                      |
|    \\/     M anipulation  |                                                 |
\*---------------------------------------------------------------------------*/
FoamFile
{
    version     2.0;
    format      ascii;
    class       volScalarField;
    location    "0";
    object      h0;
}
// * * * * * * * * * * * * * * * * * * * * * * * * * * * * * * * * * * * * * //

dimensions      [0 1 0 0 0 0 0];

internalField   nonuniform List<scalar> 
9606
(
242.295
242.455
242.093
242.738
242.276
242.738
241.790
241.549
241.931
242.084
242.209
242.350
241.294
241.135
242.059
242.005
241.053
241.049
241.926
241.888
241.966
242.159
241.944
242.103
242.005
242.278
241.987
242.136
242.283
242.366
242.309
242.380
241.068
241.158
241.298
241.435
241.940
242.059
242.338
242.384
241.826
241.796
241.607
241.721
241.898
242.359
241.820
241.932
241.843
242.256
241.577
241.725
241.711
241.817
241.432
241.567
241.267
242.615
241.995
242.103
241.683
242.829
242.344
242.499
241.790
241.810
241.922
241.994
242.107
242.180
242.264
242.300
242.356
242.750
242.468
242.800
242.391
242.725
242.377
242.884
242.359
242.642
242.405
242.561
242.170
242.231
242.165
242.640
241.977
242.190
241.972
242.309
241.915
241.939
241.909
242.304
241.944
241.961
241.958
242.666
241.962
242.447
241.975
242.001
242.117
242.543
242.057
242.076
242.400
242.465
242.224
242.084
242.367
242.676
242.098
242.301
242.283
242.246
242.184
242.114
241.997
241.940
241.895
241.939
241.984
242.106
242.394
242.231
241.896
242.754
242.694
242.691
242.532
242.440
242.496
242.610
242.525
242.516
242.518
242.518
242.516
242.522
242.523
242.515
242.499
242.466
242.439
242.437
242.513
242.647
242.694
242.537
242.442
242.408
242.383
242.367
242.376
242.385
242.401
242.420
242.449
242.477
242.074
242.576
242.269
242.391
242.076
242.182
242.114
242.459
242.082
242.562
242.237
242.498
242.156
242.291
242.220
242.390
242.151
242.927
242.249
242.540
242.181
243.120
242.313
242.453
242.216
242.236
242.496
242.631
242.317
242.289
242.721
242.855
242.345
242.293
242.167
242.888
242.291
242.310
242.202
243.027
242.507
242.595
242.239
242.995
242.336
242.336
242.278
243.038
242.400
242.559
242.328
243.063
242.416
242.520
242.376
243.232
242.663
242.651
242.414
243.443
242.667
242.655
242.469
242.473
242.852
242.907
242.510
242.510
242.469
243.174
242.723
242.723
242.498
243.241
242.733
242.663
242.511
242.511
242.958
242.968
242.656
242.656
242.460
243.264
242.526
242.526
242.486
242.495
243.044
243.051
242.572
242.610
242.447
243.283
242.683
242.666
242.477
242.454
242.367
242.818
242.652
242.511
242.442
242.449
242.340
243.394
242.832
242.475
242.394
242.377
242.293
243.493
242.965
242.777
242.441
242.355
242.312
243.700
243.232
243.133
242.749
242.649
242.443
242.362
242.301
242.289
242.257
243.458
242.176
243.385
242.063
243.420
241.924
243.533
243.676
243.380
242.500
243.013
243.141
243.496
243.633
242.125
242.175
242.360
242.522
242.857
243.005
243.524
242.081
242.015
242.059
242.187
242.183
242.753
242.916
242.036
242.073
242.278
242.406
243.120
243.284
243.771
242.274
242.377
242.404
242.692
242.323
242.392
242.403
242.483
242.659
242.406
242.406
242.640
242.466
242.851
242.301
242.393
242.371
242.434
242.283
242.381
242.346
242.460
242.491
242.704
242.768
242.407
242.628
242.407
242.845
242.521
242.909
242.636
242.335
242.261
242.681
242.321
242.375
242.423
242.763
242.364
242.575
242.360
242.895
242.477
242.623
242.313
242.396
242.552
242.654
242.257
242.802
242.527
242.293
242.237
242.380
242.327
242.734
242.342
243.167
242.598
242.364
242.247
242.364
242.364
242.581
242.213
242.651
242.581
242.320
242.259
242.827
242.320
242.366
242.287
242.935
242.499
242.420
242.420
242.207
242.207
242.089
242.348
242.188
242.188
242.047
242.563
242.335
242.390
242.263
242.478
242.453
242.478
242.458
242.444
242.436
242.568
242.458
242.441
242.478
242.489
242.440
242.537
242.421
242.613
242.256
242.416
242.181
242.602
242.277
242.365
242.179
242.542
242.168
242.191
241.980
242.440
242.308
242.349
242.233
242.989
242.473
242.609
242.330
242.894
242.409
242.422
242.311
242.307
242.455
242.455
242.094
242.094
241.832
242.827
242.246
242.246
242.156
242.156
242.906
242.905
242.386
242.223
242.167
243.483
243.021
242.910
242.480
242.355
243.455
242.934
242.186
242.185
242.112
243.195
242.791
242.629
242.434
242.413
242.356
242.340
242.291
243.030
242.589
242.575
242.472
242.366
242.273
243.742
243.482
243.226
242.871
242.654
242.555
242.315
242.137
241.978
241.833
241.818
241.934
243.513
243.282
243.228
242.441
242.474
242.728
243.362
242.430
242.471
242.662
243.210
243.169
242.767
242.891
242.501
242.685
242.480
243.016
242.680
242.703
242.659
242.610
242.769
242.912
242.985
243.066
243.232
242.481
242.741
242.769
243.060
243.086
242.544
242.476
242.642
242.498
242.454
242.438
242.468
242.448
242.449
242.433
242.458
242.449
242.423
242.958
242.751
242.424
242.189
242.081
242.134
242.175
243.501
243.420
242.792
242.405
242.473
242.942
243.051
243.089
242.635
242.587
242.744
242.586
242.848
243.347
243.076
243.239
243.249
242.334
242.359
242.635
242.482
242.380
242.379
242.487
242.535
242.661
243.007
242.393
242.463
242.607
242.914
242.310
242.393
242.426
242.560
242.530
243.076
243.190
242.396
242.422
242.480
242.486
242.548
243.493
243.803
242.421
242.394
242.379
242.391
242.413
243.240
242.467
243.239
242.467
243.233
242.331
242.235
242.167
242.093
242.088
242.143
242.151
242.218
242.016
242.013
242.013
242.014
242.016
242.018
242.153
242.463
242.173
242.130
245.138
242.184
244.637
244.129
243.821
243.571
243.240
242.901
242.804
242.537
242.485
242.395
242.356
242.295
243.595
242.574
242.559
242.523
242.507
242.476
242.451
242.430
242.404
242.389
243.613
242.323
243.215
242.902
242.732
242.463
242.436
242.385
243.557
242.941
242.329
241.942
241.918
241.858
244.591
243.316
243.022
242.284
242.082
241.891
244.401
242.622
242.766
242.573
242.736
242.383
242.379
242.427
242.407
242.106
242.095
242.055
242.093
241.971
241.971
241.979
242.000
242.131
242.548
242.174
242.432
242.117
242.183
242.060
242.762
242.416
242.687
242.416
242.661
242.375
242.382
242.339
242.644
242.420
242.673
242.478
242.597
242.430
242.440
242.427
242.599
242.425
242.647
242.397
242.707
242.407
242.449
242.381
242.560
242.347
242.566
242.318
242.690
242.363
242.570
242.319
242.492
242.199
242.269
242.141
242.535
242.123
242.539
242.247
242.610
242.126
242.129
242.102
242.485
242.149
242.430
242.191
242.298
242.105
242.512
242.099
242.481
242.124
242.527
242.199
242.308
242.381
242.755
242.106
242.635
242.132
242.487
242.103
242.157
242.172
242.488
242.142
242.299
242.011
242.084
241.980
242.168
242.273
242.378
242.025
242.100
242.071
242.479
242.074
242.479
242.096
242.837
242.076
242.837
242.079
242.590
242.079
242.590
242.092
242.368
242.222
242.512
242.254
242.618
242.552
242.936
242.898
242.222
242.430
242.408
242.356
242.413
242.340
242.345
242.266
243.533
242.650
242.633
242.322
243.284
242.885
242.925
242.508
243.438
243.418
243.139
242.165
242.559
242.490
242.677
242.142
242.191
242.353
242.664
242.125
242.266
242.236
242.557
242.191
242.285
242.191
242.501
242.140
242.536
242.215
242.409
242.192
242.235
242.336
242.663
242.287
242.624
242.163
242.416
242.143
242.548
242.246
242.665
242.401
242.992
242.245
243.533
242.794
242.686
242.356
242.951
242.580
242.127
241.845
242.320
241.891
241.952
241.899
241.831
241.775
241.937
241.767
241.889
241.687
241.738
241.678
241.936
241.744
242.298
242.056
242.679
242.668
243.131
243.483
243.375
241.247
241.439
241.534
241.803
241.903
242.110
242.292
242.762
241.824
242.047
242.184
242.165
242.592
241.798
242.126
242.071
242.189
242.188
242.050
242.011
242.443
242.309
241.994
241.901
242.209
241.994
242.042
241.689
242.102
241.768
242.155
241.736
242.000
241.737
241.958
241.808
242.269
241.854
242.298
241.870
241.966
241.824
241.943
241.831
241.995
241.818
241.896
241.927
241.991
241.896
241.961
242.144
242.084
241.996
241.986
242.462
242.534
242.227
242.261
242.440
242.338
242.276
242.283
242.248
242.892
242.588
242.461
242.187
242.199
243.232
243.235
242.947
243.244
241.911
241.834
241.960
241.974
241.984
242.002
242.038
242.612
241.621
243.757
241.766
241.811
241.932
242.273
242.117
243.171
241.321
241.390
241.404
241.454
241.655
242.291
242.454
242.512
243.094
242.168
242.288
242.404
242.610
242.670
242.838
242.932
242.532
242.769
242.508
243.733
243.339
243.487
242.867
243.397
242.388
242.365
242.614
242.803
243.353
242.218
242.286
242.216
242.469
242.572
242.722
242.877
243.016
243.140
243.451
242.369
242.460
243.518
243.456
243.411
243.416
243.424
243.482
243.506
243.463
243.237
242.844
242.836
241.991
242.154
241.945
241.972
242.022
242.026
242.044
242.010
241.993
241.951
241.893
241.845
241.784
241.700
241.628
241.571
243.712
243.038
243.017
242.274
241.924
241.846
243.117
242.161
242.223
242.063
243.392
242.522
242.497
242.075
242.055
242.435
243.082
242.846
242.907
242.999
242.215
242.309
242.470
243.037
243.567
242.160
243.595
242.370
242.550
242.740
242.846
242.876
242.831
242.465
241.961
242.020
241.623
242.761
242.006
242.006
241.495
241.758
241.264
241.229
241.601
241.402
241.841
241.677
242.321
242.178
241.886
241.773
241.977
242.679
242.205
242.194
242.768
242.882
242.174
242.185
242.722
242.690
242.249
243.469
242.280
242.628
242.203
242.307
242.182
242.795
242.293
242.293
242.201
242.877
242.466
242.492
242.304
242.899
242.582
242.508
242.278
242.317
242.600
242.772
242.284
242.415
242.323
242.622
242.293
242.300
242.697
242.852
242.439
242.477
242.247
242.350
242.323
242.306
242.157
242.830
242.376
242.248
242.127
242.570
242.116
242.186
241.918
242.171
242.126
241.893
241.898
242.829
242.016
242.257
241.799
241.947
241.751
242.261
242.488
243.128
242.125
242.267
242.235
242.711
242.965
242.298
242.298
242.609
242.609
243.365
242.033
242.194
242.323
243.032
242.003
242.140
242.140
243.063
241.989
242.313
241.800
241.751
242.241
242.561
242.208
242.308
242.130
242.443
242.155
242.250
242.129
242.675
242.373
242.572
242.206
242.331
242.253
242.540
242.246
242.922
242.558
242.655
242.323
242.721
242.357
242.643
242.354
242.701
242.399
242.688
242.390
242.701
242.548
242.733
242.182
243.001
243.181
242.034
242.051
243.443
243.037
243.789
241.985
241.998
242.335
241.963
242.335
241.795
241.914
241.977
242.086
241.799
241.811
241.798
242.688
241.836
241.836
241.785
242.431
241.760
241.760
241.963
241.677
241.551
241.646
241.551
242.037
241.779
241.779
241.641
241.952
241.641
241.470
241.383
241.523
241.432
241.713
241.430
241.564
241.522
242.059
241.546
242.141
241.559
242.242
241.573
242.244
241.573
242.103
241.595
242.178
241.595
242.128
241.639
241.741
241.639
241.741
241.791
242.202
241.884
242.475
241.952
241.979
241.715
241.831
241.795
242.477
241.731
241.737
241.789
241.890
242.363
242.555
243.014
242.931
242.714
242.489
242.788
242.879
243.467
243.262
243.593
243.636
242.298
243.676
242.331
243.794
242.371
243.896
242.396
242.405
242.411
242.410
242.420
242.422
242.450
242.492
242.499
242.492
242.348
242.537
242.541
242.528
242.581
242.488
242.612
242.577
242.465
242.573
242.589
242.468
242.558
242.450
242.435
242.417
242.394
243.582
242.334
243.254
243.440
242.928
242.519
242.609
242.555
242.488
242.070
243.285
242.851
242.696
242.363
242.352
242.277
242.956
242.459
242.457
242.384
242.418
242.280
242.331
242.206
242.479
242.419
242.485
242.435
242.496
242.469
242.714
242.508
242.833
242.773
242.999
243.011
242.397
242.381
242.621
242.652
243.450
242.370
242.596
242.559
242.997
242.380
242.461
242.454
242.531
242.558
242.489
242.431
242.978
243.051
243.445
242.439
242.721
242.721
243.009
243.130
242.406
242.418
242.468
242.583
242.892
242.227
242.356
242.426
242.624
242.735
242.973
242.343
242.465
242.450
242.711
242.845
243.129
242.485
242.553
242.683
242.890
242.957
243.172
242.389
242.410
242.434
242.550
242.675
242.931
243.110
243.449
242.150
242.120
242.157
242.154
242.171
242.263
242.313
242.299
242.276
243.101
243.166
241.963
242.261
242.261
243.016
243.135
241.907
241.855
242.184
242.391
242.869
241.958
241.961
241.362
241.423
241.452
241.527
241.963
241.955
241.558
241.547
241.596
241.664
241.710
241.754
241.819
241.750
241.815
241.830
241.846
241.858
241.848
243.149
242.983
242.681
242.416
242.297
241.959
241.914
241.802
242.628
242.026
241.905
241.850
242.299
241.988
242.225
241.988
242.061
241.984
242.830
241.948
241.953
241.965
242.632
242.506
242.870
242.407
243.375
243.075
243.791
242.967
243.804
243.507
242.330
242.067
242.581
242.297
241.844
241.833
242.167
241.873
242.747
242.065
242.474
242.417
242.849
241.845
242.144
241.865
242.697
242.185
242.775
242.650
243.234
241.778
242.536
242.214
243.161
241.775
241.927
241.884
242.830
242.626
241.906
241.909
242.551
242.453
243.186
243.709
242.032
243.792
242.030
243.585
243.183
243.040
242.620
242.671
242.503
242.489
242.286
242.355
242.229
242.186
242.144
242.086
242.086
242.067
242.054
243.485
242.078
243.567
242.099
243.567
243.567
243.444
243.413
243.253
241.962
241.959
241.981
242.822
242.845
242.468
242.531
242.279
242.474
242.298
242.540
242.308
242.702
242.347
242.384
242.268
243.055
242.677
242.677
242.357
242.889
242.284
242.416
242.145
242.324
242.221
242.501
242.320
242.568
242.346
242.589
242.334
243.048
242.694
242.821
242.469
242.479
243.031
243.108
242.498
242.449
242.628
242.730
242.455
242.624
242.780
243.528
243.031
243.392
242.341
242.750
242.640
242.429
243.246
242.099
241.734
241.837
242.170
242.246
242.007
242.131
242.032
241.861
241.729
241.908
241.950
242.144
242.050
242.280
242.192
242.286
242.180
242.304
242.229
242.256
242.161
242.265
242.192
242.164
242.151
242.190
242.013
242.170
242.014
242.820
242.830
242.177
242.083
242.190
242.090
242.228
242.125
242.244
242.149
242.259
242.186
242.250
242.196
242.223
242.173
242.188
242.121
242.115
242.051
241.792
241.846
241.776
241.759
241.959
241.853
242.142
242.041
242.290
242.232
242.276
242.297
242.169
242.161
242.088
242.042
242.069
242.027
241.924
241.912
241.911
241.904
242.158
242.163
242.157
242.212
241.986
242.060
241.894
241.904
241.898
241.900
241.965
241.967
241.901
241.909
241.965
241.965
242.047
241.969
242.075
242.048
242.030
242.044
242.037
242.041
242.075
242.060
242.062
242.048
242.027
242.011
242.034
241.987
241.972
241.950
242.774
242.561
242.447
242.479
242.561
242.545
242.362
242.412
242.338
242.358
242.390
242.562
242.438
242.378
242.368
242.353
242.478
242.416
241.604
241.591
241.298
241.439
241.439
241.075
241.251
241.053
241.026
241.319
241.015
242.228
242.209
242.254
242.173
242.186
242.214
242.211
242.145
241.401
241.379
241.238
241.198
241.033
241.092
242.434
242.376
242.156
242.143
242.175
242.142
242.142
242.166
242.140
242.130
242.032
242.142
242.020
242.042
242.013
242.039
242.022
242.019
242.107
242.038
242.079
242.201
242.157
242.369
242.313
242.466
242.454
242.462
242.411
242.448
242.379
242.389
241.850
241.897
241.836
241.895
241.781
241.765
241.792
241.772
241.812
241.786
241.855
241.809
241.865
241.841
241.888
241.857
241.935
241.886
241.984
241.924
241.996
241.975
242.065
241.971
242.098
242.048
242.186
242.056
242.126
242.139
242.211
242.080
242.133
242.169
242.195
242.124
242.297
242.190
242.196
242.098
242.264
242.185
242.133
242.045
242.222
242.123
242.046
241.996
242.134
242.045
242.078
242.111
242.127
242.055
242.123
242.114
242.148
242.116
242.337
242.141
242.155
242.092
242.187
242.143
242.106
242.005
242.192
242.106
242.649
242.374
242.402
242.382
242.429
242.403
242.522
242.338
242.517
242.516
242.521
242.522
242.516
242.520
242.470
242.496
242.445
242.438
242.654
242.509
242.540
242.677
242.408
242.442
242.367
242.383
242.385
242.380
242.423
242.397
242.479
242.440
242.981
242.500
242.040
242.112
242.100
241.999
242.399
242.181
242.133
242.102
242.106
242.146
242.050
242.091
242.016
241.998
241.819
241.714
241.977
241.868
242.250
242.048
242.022
241.903
242.183
242.058
242.318
242.211
242.254
242.192
242.335
242.254
242.227
242.137
242.318
242.244
242.356
242.303
242.175
242.127
242.223
242.156
242.172
242.044
242.216
242.123
242.372
242.319
242.407
242.345
242.324
242.285
242.307
242.255
241.997
241.906
241.953
241.871
242.099
242.052
242.043
242.025
241.912
241.832
241.846
241.771
242.200
242.187
242.149
242.141
242.329
242.090
242.242
242.213
242.304
242.126
242.213
242.190
242.089
242.094
241.832
241.831
241.643
241.643
242.136
241.664
242.062
242.066
241.990
241.985
242.162
242.170
242.189
242.192
242.609
242.159
242.247
242.266
242.050
242.069
242.123
241.916
242.114
242.131
242.136
242.133
242.380
242.101
242.306
242.323
242.229
242.257
242.478
242.175
242.359
242.368
242.266
242.284
242.192
242.225
242.718
242.101
242.411
242.623
242.052
242.183
241.800
241.835
241.961
241.874
242.080
242.050
242.055
242.078
242.003
241.897
242.125
241.988
241.924
242.111
242.018
241.924
242.167
242.018
241.957
241.873
242.043
241.957
241.906
241.834
242.017
241.918
241.874
241.808
242.001
241.882
241.972
241.923
241.937
241.897
242.011
241.918
241.955
241.897
242.016
241.944
241.976
241.930
242.065
242.013
242.013
241.955
242.116
242.062
242.028
241.992
242.148
241.922
242.047
242.022
242.174
241.941
242.093
242.059
242.233
241.976
242.123
242.112
242.031
242.007
242.147
242.149
242.079
242.050
242.210
242.203
242.126
242.099
242.265
242.033
242.178
242.187
242.321
242.084
242.253
242.240
242.364
242.179
242.331
242.295
242.404
242.256
242.373
242.368
242.449
242.335
242.419
242.411
242.371
242.370
242.469
242.467
242.408
242.420
242.498
242.360
242.443
242.441
242.511
242.384
242.475
242.475
242.380
242.397
242.467
242.467
242.377
242.388
242.481
242.305
242.403
242.417
242.294
242.276
242.446
242.456
242.359
242.362
242.496
242.274
242.397
242.413
242.288
242.315
242.463
242.180
242.359
242.351
242.256
242.265
242.432
242.152
242.350
242.358
242.248
242.277
242.145
242.186
242.333
242.098
242.277
242.291
242.189
242.238
242.649
242.127
242.362
242.443
242.289
242.301
242.243
242.265
242.176
242.206
242.053
242.096
241.908
241.968
241.743
241.821
241.547
241.647
242.337
242.269
242.434
242.342
242.240
242.136
242.373
242.270
242.485
242.394
242.323
242.264
242.399
242.352
242.460
242.425
242.253
242.254
241.534
241.630
241.722
241.496
241.332
241.643
241.444
241.643
241.436
241.552
241.445
241.482
241.254
241.600
241.324
241.385
241.316
241.481
241.119
241.177
241.133
240.987
240.914
241.105
240.981
240.977
240.911
241.611
241.551
241.500
241.442
242.041
241.997
241.998
241.955
242.130
242.063
242.158
242.077
242.097
242.031
242.074
242.033
242.137
242.053
242.185
242.066
242.132
242.066
242.193
242.075
242.103
242.055
242.189
242.076
242.091
242.026
242.149
242.058
242.060
242.023
242.135
242.030
242.082
242.027
242.124
242.062
242.068
242.012
242.115
242.012
242.059
242.028
242.130
242.068
242.078
242.018
242.106
242.040
242.123
242.029
242.082
242.084
242.104
242.109
242.021
242.017
242.047
242.011
242.012
242.016
242.203
242.011
242.146
242.131
241.881
242.005
241.968
241.873
242.177
241.962
242.035
242.149
242.644
242.179
242.450
242.160
242.363
242.390
242.268
242.296
242.204
242.215
242.495
242.204
242.462
242.470
242.420
242.434
242.373
242.392
242.305
242.338
242.223
242.241
242.436
242.173
242.362
242.386
242.295
242.317
242.410
242.394
242.219
242.024
242.130
242.103
242.203
242.183
242.239
242.224
242.388
242.321
242.409
242.390
242.412
242.409
242.410
242.413
242.416
242.410
242.408
242.423
242.423
242.409
242.448
242.418
242.455
242.425
242.465
242.421
242.421
242.732
242.649
242.407
242.418
242.410
242.424
242.461
242.433
242.604
242.470
242.425
242.447
242.419
242.454
242.434
242.415
242.409
242.415
242.410
242.410
242.408
242.420
242.409
241.883
241.378
241.474
241.751
241.812
241.498
241.522
241.957
241.371
241.795
241.818
241.554
241.613
242.275
242.245
242.314
242.240
242.163
242.146
242.120
242.127
242.041
242.075
242.064
242.406
242.023
242.120
242.021
242.115
241.896
242.017
241.983
242.079
241.830
241.937
241.905
242.018
241.787
241.919
241.863
241.992
241.786
241.949
241.872
241.948
241.826
241.912
241.835
241.977
241.814
241.930
241.849
241.970
241.821
241.944
241.841
241.932
241.827
241.963
241.816
241.924
241.787
241.939
241.808
241.857
241.743
241.938
241.799
241.745
241.622
241.783
241.652
241.653
241.517
242.147
242.154
241.337
242.431
241.879
242.434
242.455
242.465
242.477
242.087
242.096
242.143
242.143
241.951
241.928
241.936
241.929
241.937
241.933
241.877
242.017
241.996
242.019
241.989
242.135
242.061
242.116
242.056
242.276
242.224
242.302
242.196
242.346
242.293
242.321
242.249
242.360
242.292
242.346
242.255
242.307
242.213
242.267
242.200
242.231
242.149
242.184
242.128
242.153
242.090
242.135
242.075
242.097
242.033
242.067
242.018
242.042
241.968
241.999
241.935
241.969
241.958
241.988
241.946
242.052
242.013
242.028
242.008
242.044
242.015
242.029
242.011
242.045
241.996
242.033
242.008
242.042
241.991
242.047
241.979
242.028
241.994
242.016
241.969
242.015
241.978
242.001
241.958
241.972
241.935
241.966
241.920
241.944
241.881
241.943
241.899
241.897
241.884
241.865
241.786
241.871
241.757
241.871
241.752
241.839
241.752
241.839
241.742
241.903
241.742
241.903
241.767
241.899
241.784
242.027
241.820
241.767
242.111
242.005
242.224
242.111
242.014
242.201
242.051
242.019
241.898
241.940
241.942
241.975
241.964
241.800
241.822
241.902
241.758
241.747
241.715
241.825
240.889
241.709
240.873
240.859
240.866
240.927
240.863
240.966
240.960
241.174
241.020
241.502
241.271
241.803
241.534
241.292
241.056
241.783
241.471
241.965
241.529
241.417
241.582
241.568
241.710
241.610
241.806
241.766
241.211
241.175
241.297
241.235
241.375
241.332
241.444
241.441
240.944
240.977
241.497
241.176
241.798
241.547
241.456
241.798
241.715
241.442
241.907
241.662
241.538
241.238
241.655
241.334
241.365
241.158
241.414
241.215
241.279
241.163
241.375
241.180
241.405
241.179
241.504
241.285
241.593
241.335
241.472
241.311
241.528
241.281
241.528
241.383
241.774
241.304
241.739
241.646
241.928
241.646
241.828
241.857
241.801
241.791
242.041
242.032
241.987
241.952
242.221
242.210
242.176
242.179
242.346
242.078
242.106
241.882
241.946
242.522
241.747
241.820
241.999
240.928
240.943
240.927
240.871
240.909
240.881
240.867
242.379
242.363
242.400
242.364
242.485
242.231
242.258
242.462
242.446
242.779
242.425
242.365
242.349
241.996
242.261
242.222
242.173
242.131
242.247
242.235
242.131
242.230
242.605
242.378
242.748
242.656
242.095
242.176
242.298
242.179
242.503
242.464
242.369
242.430
242.446
242.157
242.357
241.767
241.777
243.407
241.768
242.677
241.909
241.968
242.022
241.956
241.942
242.006
242.002
242.028
242.048
241.982
242.016
241.864
241.957
241.762
241.814
241.620
241.668
241.458
241.485
241.531
242.372
241.397
241.852
241.849
241.771
241.791
242.061
241.695
241.972
241.981
242.231
241.877
242.031
242.040
241.020
240.946
240.954
241.083
240.932
241.229
241.071
241.224
241.021
241.450
241.150
242.066
242.023
242.026
242.144
242.073
242.374
242.235
242.631
242.522
242.288
242.011
242.058
242.031
242.013
242.121
242.049
242.264
242.161
242.654
242.374
242.827
242.748
242.408
242.407
242.409
242.384
242.378
242.377
242.377
241.942
242.409
242.410
241.251
242.008
241.937
242.019
242.026
242.049
242.387
242.505
242.158
242.168
242.025
241.020
241.061
241.666
241.615
242.010
241.941
242.010
241.948
241.997
241.948
242.162
242.163
242.411
242.408
242.408
242.412
241.917
241.968
242.025
242.015
241.557
241.660
242.043
241.942
242.038
241.023
241.029
242.172
242.163
241.990
241.969
242.417
242.409
242.407
242.414
242.408
242.410
242.408
242.426
242.418
242.445
242.408
242.408
242.013
242.012
241.207
241.061
241.197
241.802
241.846
241.767
241.766
241.914
241.826
242.057
242.003
242.248
242.193
242.271
242.281
242.185
242.236
242.022
242.092
241.905
241.942
241.989
241.937
241.989
241.946
242.014
241.952
242.023
241.955
242.061
241.985
242.068
242.008
242.069
242.025
242.034
241.990
241.935
241.958
241.882
241.895
241.901
241.869
241.902
241.899
241.925
241.895
241.945
241.941
241.939
241.940
242.003
242.013
242.013
242.026
242.030
242.028
242.032
242.040
242.049
242.020
242.004
241.996
241.974
241.978
241.919
241.896
241.880
241.850
241.803
241.782
241.811
241.758
242.423
242.475
242.513
241.975
241.977
240.881
241.379
241.111
241.105
241.197
241.094
241.131
241.100
240.953
240.909
240.922
240.925
240.933
241.039
240.880
240.869
241.020
240.922
240.874
240.903
240.907
240.988
240.993
240.947
240.900
242.052
242.044
242.092
242.078
242.360
242.125
242.471
242.179
242.467
242.350
242.396
241.871
241.972
241.038
241.017
242.233
242.181
242.059
242.094
241.785
241.751
241.808
241.739
241.784
241.742
241.827
241.731
241.801
241.761
241.885
241.746
241.824
241.805
241.934
241.762
241.875
241.845
241.815
241.798
241.908
241.886
241.858
241.840
241.947
241.775
241.889
241.865
241.987
241.809
241.922
241.907
242.017
241.830
241.960
241.954
241.917
241.891
242.015
241.992
241.931
241.935
242.057
242.033
241.949
241.949
242.145
241.922
242.067
242.063
242.230
241.967
242.171
242.161
242.331
242.115
242.288
242.252
242.363
242.184
242.338
242.330
242.268
242.259
242.352
242.352
242.322
242.318
242.379
242.260
242.313
242.308
242.380
242.262
242.303
242.303
242.202
242.213
242.305
242.316
242.228
242.229
242.304
242.167
242.228
242.224
242.176
242.181
242.269
242.122
242.188
242.189
242.131
242.138
242.218
242.235
242.146
242.139
242.076
242.087
242.184
242.222
242.074
242.082
242.036
242.045
242.215
242.020
242.130
242.154
242.084
242.082
242.247
242.066
242.157
242.187
242.117
242.114
242.069
242.086
241.991
242.013
242.243
241.895
242.207
242.360
242.040
242.089
242.079
242.338
242.347
242.369
242.358
242.118
242.083
242.334
242.340
242.352
242.335
242.347
242.356
242.257
242.309
242.125
242.190
242.029
242.057
241.977
241.964
242.042
241.997
242.383
242.038
242.376
242.063
242.114
242.099
242.148
242.141
242.151
242.133
242.144
242.070
242.121
242.101
242.015
242.073
242.016
242.120
242.106
242.132
242.132
241.593
241.696
241.663
241.621
241.807
241.694
241.779
241.818
241.826
241.776
241.961
241.865
242.032
241.976
242.121
242.053
242.203
242.122
242.060
241.993
242.152
242.059
242.190
240.916
240.882
240.900
242.046
241.990
242.077
242.024
241.895
241.755
241.975
241.845
242.235
241.924
242.276
242.218
242.277
242.164
242.148
241.741
242.100
241.715
241.667
241.956
241.718
241.932
241.922
241.767
241.910
241.783
241.810
241.816
241.836
242.083
242.064
242.032
242.014
242.121
242.093
242.019
241.998
242.086
241.925
241.997
241.980
241.899
241.899
241.663
241.652
241.782
241.782
241.994
241.862
241.934
241.944
241.914
241.917
242.160
242.155
242.103
242.107
242.129
242.029
241.965
241.982
241.827
241.842
242.117
241.777
242.111
242.111
242.088
242.090
242.283
242.053
242.197
242.220
242.127
242.139
242.050
242.079
242.253
241.989
242.185
242.221
242.054
242.086
241.931
241.946
241.910
241.865
241.885
241.909
241.844
242.059
242.027
242.066
242.083
242.018
242.035
240.855
240.865
240.873
240.870
240.855
240.864
241.355
240.858
241.291
241.292
241.962
241.226
241.966
241.969
242.096
242.156
241.957
242.026
241.791
241.860
241.630
241.710
241.472
241.532
242.011
241.971
242.018
242.008
242.011
242.009
242.011
242.011
242.011
242.011
242.011
242.011
242.011
242.012
242.017
242.011
242.013
242.011
242.025
242.015
242.011
242.011
242.014
242.011
242.011
242.011
242.011
242.011
242.011
242.012
242.014
242.011
242.011
242.011
242.011
242.011
242.011
242.026
242.013
242.013
242.011
242.011
242.011
242.011
242.011
242.011
242.015
242.011
242.011
242.011
242.014
242.011
242.011
242.012
242.011
242.011
242.011
242.316
242.263
242.369
242.314
242.214
242.151
242.289
242.224
242.056
241.987
242.188
242.086
242.113
242.012
242.237
242.148
242.312
242.245
242.161
242.328
242.238
242.178
242.148
242.158
242.087
242.123
242.289
242.055
242.206
242.236
242.203
242.199
242.227
242.218
242.241
242.241
242.368
242.220
242.315
242.332
242.234
242.263
242.141
242.173
242.050
242.079
242.295
241.990
242.235
242.248
242.006
241.932
242.014
241.941
241.976
241.924
242.009
241.947
242.007
241.949
242.039
241.976
242.059
241.972
242.122
242.001
242.042
242.008
242.055
242.035
241.929
241.946
241.923
241.941
241.772
241.927
241.764
241.798
241.753
241.780
241.768
241.743
241.816
241.763
241.829
241.824
241.821
241.832
241.859
241.830
241.840
241.849
241.892
241.796
241.849
241.903
241.908
241.838
241.988
241.882
241.972
241.861
241.968
241.915
241.961
241.864
242.059
241.961
241.978
241.882
242.051
241.967
241.958
241.922
241.995
241.950
241.965
242.001
241.975
241.973
242.009
241.984
242.032
242.000
242.055
242.037
242.052
241.974
242.108
242.041
241.998
241.907
242.080
241.983
241.930
241.867
241.990
241.918
241.854
241.845
241.883
241.852
241.837
241.883
241.858
241.837
241.924
241.858
241.829
241.815
241.878
241.826
241.807
241.790
241.835
241.807
241.783
241.780
241.821
241.785
241.765
241.817
241.784
241.767
241.903
241.807
242.065
242.052
242.203
242.140
242.245
242.224
242.337
242.321
242.191
242.257
240.892
240.931
240.925
240.887
240.881
242.393
242.397
242.178
242.360
242.364
242.213
242.307
242.165
242.157
241.397
241.367
241.367
241.827
241.287
241.725
241.740
241.639
241.653
241.896
241.585
241.812
241.817
241.984
241.777
242.225
242.187
242.167
242.247
242.245
242.138
242.116
242.180
242.170
242.184
242.207
242.175
242.165
242.324
242.205
242.458
242.481
242.460
242.172
242.285
241.853
241.944
241.826
241.783
241.888
241.886
241.882
241.898
241.816
241.865
242.032
241.745
242.035
242.010
241.508
241.957
241.410
241.838
241.285
241.656
241.105
241.532
241.014
240.965
240.858
241.298
240.951
241.019
240.857
240.847
241.165
240.915
240.966
241.000
240.921
240.944
240.863
241.229
240.959
241.021
241.230
241.137
241.014
241.379
241.137
240.997
240.897
241.073
240.948
240.995
240.947
241.000
240.941
240.922
240.943
240.980
240.919
240.964
240.913
241.032
240.938
241.170
240.954
241.144
240.858
240.859
240.871
240.886
240.890
240.887
240.918
240.894
240.971
240.913
241.007
240.974
241.110
241.062
241.222
241.378
241.249
241.525
241.431
241.624
241.557
241.015
241.001
241.104
241.036
241.201
241.174
241.279
241.252
241.003
241.031
240.990
241.003
240.934
240.969
241.084
240.959
240.978
241.122
241.047
241.089
241.028
241.369
241.300
241.369
241.230
241.765
241.638
241.624
241.911
241.413
241.845
241.816
242.132
241.742
241.998
241.971
241.985
241.881
241.818
241.825
241.699
241.738
241.585
241.671
242.022
242.039
242.055
242.131
242.108
242.083
242.127
241.284
241.182
241.631
241.484
241.479
241.226
241.240
241.743
241.067
241.517
241.557
241.224
241.333
241.594
241.443
241.503
242.404
241.306
242.243
242.210
242.154
241.851
242.181
242.155
241.962
241.977
241.852
241.859
241.891
241.765
241.716
241.887
241.717
241.866
241.805
241.953
241.779
241.946
241.894
242.071
241.883
242.048
242.001
242.122
241.959
242.122
242.015
242.104
241.971
242.095
242.003
242.047
241.977
242.017
241.915
241.951
241.913
241.936
241.839
241.874
241.824
241.853
241.811
241.882
241.792
241.844
241.801
241.830
241.775
241.823
241.801
241.908
241.783
241.917
241.867
241.927
241.842
241.925
241.893
241.910
241.876
241.935
241.886
241.907
241.877
241.933
241.902
241.935
241.890
241.954
241.915
241.944
241.932
241.881
241.845
241.874
241.813
241.812
241.779
241.807
241.758
241.765
241.678
241.723
241.662
241.617
241.549
241.577
241.494
241.498
241.422
241.518
241.414
241.479
241.413
241.479
241.413
241.515
241.424
241.515
241.425
241.569
241.493
241.539
241.482
241.541
241.464
242.091
242.002
242.048
242.010
241.998
241.923
241.872
241.958
241.745
241.803
241.764
241.848
241.639
241.712
241.691
241.751
241.595
241.698
241.638
241.714
241.576
241.640
241.615
241.700
241.551
241.642
241.607
241.688
241.548
241.651
241.573
241.659
241.543
241.636
241.561
241.649
241.584
241.612
241.544
241.620
241.533
241.620
241.533
241.598
241.491
241.558
241.491
241.586
241.499
241.492
241.507
241.521
241.412
241.433
241.476
241.460
241.365
241.352
241.418
241.654
241.737
241.871
241.987
241.862
241.998
241.972
241.998
241.993
242.002
242.000
242.009
242.011
242.018
242.050
242.016
242.126
242.091
242.011
242.011
242.011
242.011
242.074
241.799
241.806
241.746
241.782
241.752
241.787
241.752
241.669
241.603
241.650
241.603
241.459
241.405
241.440
241.380
241.338
241.293
241.326
241.293
241.300
241.300
241.322
241.300
241.361
241.350
241.380
241.357
241.429
241.410
241.431
241.419
241.500
241.473
241.500
241.477
241.571
241.533
241.565
241.534
241.592
241.557
241.589
241.560
241.599
241.561
241.617
241.586
241.617
241.591
241.733
241.746
241.789
241.653
241.798
241.793
241.779
241.772
241.805
241.803
241.836
241.835
241.786
241.786
241.655
241.611
241.795
241.822
241.817
241.789
241.779
241.974
241.823
241.933
241.942
241.993
242.077
241.998
242.195
242.138
242.258
242.234
242.282
242.273
242.291
242.289
242.327
242.311
242.366
242.347
242.392
242.383
242.410
242.399
242.420
242.415
242.450
242.419
242.519
242.413
242.480
242.373
242.495
242.467
242.540
242.093
242.612
242.100
242.465
242.130
242.589
242.142
242.466
242.164
242.466
242.494
242.384
242.409
242.317
242.344
242.244
242.278
242.542
242.205
242.518
242.568
241.841
242.197
241.880
241.888
242.327
241.804
242.236
242.242
242.363
242.163
242.261
242.242
242.072
242.179
241.994
241.936
242.319
242.262
242.323
242.279
242.417
242.370
242.450
242.390
242.689
242.460
242.855
242.637
242.293
242.204
242.369
242.262
242.260
242.165
242.339
242.244
242.295
242.212
242.374
242.293
242.233
242.373
242.342
242.227
242.646
242.344
242.277
242.101
242.511
242.322
242.301
242.584
242.378
242.316
242.433
242.376
242.128
242.017
242.269
242.147
242.180
242.286
242.286
242.185
242.395
242.302
242.323
242.234
242.433
242.346
242.536
242.465
242.450
242.477
242.396
242.419
242.413
242.395
242.488
242.434
242.257
242.270
242.160
242.221
242.152
242.140
242.192
242.165
242.296
242.194
242.218
242.276
242.345
241.968
241.959
242.129
241.957
241.605
241.571
241.701
241.626
241.961
241.958
241.278
241.696
241.341
241.301
242.891
242.518
241.956
241.956
241.382
241.352
241.342
241.023
240.989
241.125
241.094
241.059
241.234
241.195
241.755
241.302
241.823
241.824
241.852
241.851
241.861
241.858
241.847
241.847
242.273
241.758
241.906
241.977
241.719
241.802
241.856
241.569
241.695
241.664
241.748
241.843
241.577
241.860
241.735
241.736
241.869
241.855
241.910
241.870
241.945
241.906
241.943
241.930
241.958
241.934
241.995
241.951
242.023
241.958
242.346
241.972
241.884
241.830
241.924
241.860
241.758
241.653
241.816
241.740
241.696
241.567
241.814
241.678
241.719
241.560
241.790
241.667
241.652
241.534
241.797
241.615
241.634
241.701
241.732
241.566
241.621
241.717
241.717
241.621
241.672
241.717
241.793
241.672
241.909
241.797
242.155
242.074
242.138
242.138
242.047
242.089
242.066
242.299
242.194
242.088
242.082
242.096
242.026
242.093
242.053
242.034
242.016
242.017
242.058
242.025
242.104
242.045
242.195
242.124
242.138
242.118
242.268
242.045
242.205
242.174
242.449
242.120
242.136
242.136
242.037
242.029
242.103
242.087
242.253
242.041
242.058
242.389
242.195
242.155
242.166
242.177
242.081
242.052
241.981
241.981
241.969
241.968
242.001
241.894
241.783
242.032
242.047
242.056
242.039
242.013
242.018
242.011
242.011
242.554
242.011
242.300
242.011
242.219
242.294
242.104
242.161
242.083
242.087
242.081
242.055
242.080
242.080
242.069
242.097
242.050
242.068
242.039
242.030
240.856
240.909
242.024
242.011
242.413
242.019
242.056
242.029
241.000
241.901
241.874
240.997
240.921
240.852
240.859
240.927
241.029
241.045
241.001
242.197
242.122
242.408
242.408
242.408
242.408
242.141
242.011
242.179
242.148
242.098
242.134
242.011
242.012
242.011
242.031
241.308
241.465
241.284
241.351
242.026
241.416
241.495
242.012
242.013
242.056
242.033
241.015
240.870
240.862
240.853
240.860
240.873
241.227
241.190
241.486
241.841
241.375
241.318
241.416
240.991
242.013
242.026
241.905
241.966
241.443
241.597
241.191
241.181
242.169
242.078
242.089
242.129
242.112
242.178
242.168
242.127
242.162
242.163
242.167
241.999
242.006
241.962
241.969
241.933
241.932
242.031
242.030
242.049
242.092
242.030
242.053
241.741
241.807
241.969
241.969
241.806
241.836
241.769
241.784
241.880
241.813
241.848
241.814
241.858
241.825
242.041
241.992
242.211
242.155
241.880
241.836
241.887
241.842
241.892
241.849
241.930
241.865
241.895
242.275
242.270
242.220
242.252
242.063
242.123
241.884
241.938
242.253
242.253
241.871
241.843
241.862
241.856
241.819
241.826
241.856
241.792
242.127
241.969
242.011
242.013
242.081
242.046
242.047
242.044
242.016
242.019
242.011
242.019
242.011
242.011
242.011
242.333
242.328
242.072
242.075
242.329
242.327
242.362
242.339
242.306
242.356
242.172
242.232
242.068
242.114
241.964
242.009
241.991
241.978
242.038
242.042
242.063
242.054
242.097
242.085
242.130
242.121
242.143
242.149
242.142
242.157
241.932
241.907
241.983
241.946
242.058
242.007
241.902
242.087
241.779
241.881
241.674
241.750
241.660
241.618
241.840
241.917
241.773
241.830
241.811
241.775
241.947
241.890
242.004
241.947
242.067
242.011
241.967
241.992
241.976
241.985
241.974
241.992
241.991
241.987
241.682
241.977
241.752
241.626
242.107
241.701
242.135
242.094
242.054
242.107
242.064
242.021
241.734
242.080
241.859
241.920
241.916
242.038
241.933
241.947
241.850
241.958
241.848
241.851
241.999
241.842
241.955
241.938
241.927
241.931
241.919
241.913
241.874
241.874
241.892
241.847
241.847
241.847
241.841
241.840
241.862
241.866
241.901
241.901
241.924
241.880
241.922
241.920
241.935
241.926
242.051
242.051
241.967
241.979
241.878
241.896
241.780
241.793
241.758
241.769
242.100
241.790
242.090
242.091
242.018
242.034
241.961
241.962
242.085
242.015
242.020
242.009
241.958
242.011
242.011
242.011
242.011
242.011
242.013
242.072
242.051
242.026
241.997
242.046
242.074
241.927
241.961
241.877
241.902
241.791
241.851
241.926
241.758
242.073
242.161
242.021
242.033
242.068
242.043
242.235
242.187
242.108
242.062
242.174
242.117
241.944
241.945
242.018
241.941
241.963
241.959
242.113
241.971
242.216
242.172
242.091
242.059
242.154
242.119
241.856
241.823
241.863
241.827
241.875
241.845
241.865
241.849
241.871
241.842
241.871
241.856
241.890
241.849
241.945
241.865
241.966
241.905
241.937
241.924
241.946
241.939
241.857
241.949
241.838
241.863
241.715
241.852
241.705
241.684
241.704
241.686
241.781
241.752
241.807
241.774
241.779
241.774
241.798
241.770
241.703
241.682
241.767
241.657
241.752
241.694
241.798
241.731
241.783
241.734
241.812
241.768
241.766
241.710
241.820
241.757
241.768
241.725
241.844
241.757
241.831
241.818
241.897
241.826
241.919
241.887
241.973
241.872
241.974
241.928
241.932
241.834
241.981
241.905
241.890
241.838
241.942
241.879
241.837
241.824
241.896
241.822
241.833
241.815
241.864
241.829
241.836
241.798
241.843
241.836
241.802
241.841
241.825
241.805
241.837
241.825
241.792
241.769
241.815
241.793
241.770
241.736
241.791
241.770
241.747
241.733
241.782
241.753
241.718
241.779
241.759
241.734
241.713
241.753
242.152
242.133
242.223
242.170
242.337
242.326
242.199
242.257
242.121
242.012
242.011
242.013
242.020
242.011
242.011
242.008
242.011
242.007
242.009
242.038
242.070
242.011
242.012
240.917
240.927
240.938
240.974
240.940
240.977
240.972
241.026
240.967
241.066
240.964
241.017
240.985
241.025
240.892
240.929
240.890
240.963
240.979
241.015
240.919
240.919
240.941
240.941
240.894
240.893
240.886
240.814
240.916
240.970
240.846
240.840
240.952
240.909
241.139
241.066
240.878
241.215
240.883
240.871
241.393
241.369
240.888
240.911
240.894
240.895
240.947
240.906
240.994
240.949
241.062
241.023
241.219
241.100
241.384
241.287
240.998
241.013
241.014
241.001
241.019
241.011
241.138
241.031
241.091
241.110
241.057
241.076
241.006
241.037
240.981
241.019
240.951
240.941
240.954
240.993
241.088
240.988
241.052
241.044
241.414
241.028
241.237
241.237
241.698
241.070
241.603
241.586
241.786
241.512
241.653
241.585
241.572
241.572
241.679
241.682
241.585
241.149
241.187
241.104
241.105
241.156
241.059
240.947
241.012
240.806
240.800
241.223
240.709
241.560
241.491
241.657
241.556
241.835
241.638
241.956
241.835
241.986
241.956
241.861
241.835
241.847
241.879
241.896
241.903
241.890
241.899
241.900
241.897
241.903
241.950
241.907
241.941
241.966
242.033
241.978
242.036
242.035
242.051
242.038
242.027
242.020
241.953
241.989
241.924
241.893
241.866
241.858
241.775
241.775
241.759
241.737
241.720
241.697
241.693
241.688
241.698
241.686
241.686
241.674
241.681
241.673
241.674
241.669
241.700
241.661
241.689
241.674
241.719
241.666
241.699
241.692
241.757
241.675
241.716
241.703
241.786
241.683
241.744
241.735
241.711
241.706
241.791
241.768
241.737
241.721
241.810
241.707
241.764
241.754
241.879
241.717
241.796
241.781
241.904
241.729
241.857
241.843
241.807
241.796
241.912
241.912
241.873
241.860
241.965
241.951
241.917
241.910
242.082
241.872
241.984
242.004
242.167
241.927
242.090
242.077
242.271
241.998
242.176
242.163
242.069
242.071
242.254
242.242
242.158
242.158
242.254
242.071
242.196
242.196
242.213
242.087
242.171
242.171
242.087
242.087
242.173
242.174
242.098
242.098
242.184
242.022
242.130
242.130
242.026
242.026
242.139
241.928
242.070
242.100
241.967
242.008
242.104
241.898
242.019
242.037
241.940
241.937
242.059
241.844
242.022
242.038
241.961
242.008
242.122
241.882
242.080
242.088
242.051
242.068
241.939
241.963
242.104
241.810
242.054
242.059
241.979
241.869
241.928
241.702
241.773
241.597
241.667
241.511
241.552
241.384
241.408
241.307
241.305
241.824
241.759
241.909
241.737
241.666
241.711
241.652
241.581
241.564
241.593
241.584
241.528
241.492
241.559
241.451
241.500
241.489
241.503
241.449
241.473
241.465
241.503
241.435
241.471
241.459
241.500
241.440
241.470
241.455
241.471
241.448
241.462
241.440
241.444
241.427
241.437
241.412
241.435
241.412
241.427
241.396
241.417
241.387
241.364
241.387
241.364
241.331
241.342
241.331
241.358
241.295
241.300
241.270
241.324
241.265
241.271
241.234
241.306
241.249
241.180
240.513
240.644
241.044
240.994
241.743
240.863
241.347
241.335
241.977
241.007
241.540
241.607
241.781
241.458
241.633
241.648
241.619
241.648
241.629
241.622
241.585
241.596
241.593
241.755
241.667
241.736
241.656
241.828
241.782
241.808
241.741
241.758
241.701
241.731
241.660
241.757
241.654
241.741
241.676
241.597
241.591
241.597
241.546
241.661
241.582
241.624
241.597
241.659
241.642
241.653
241.638
241.717
241.688
241.705
241.726
241.714
241.726
241.725
241.727
241.805
241.740
241.783
241.774
241.813
241.775
241.816
241.802
241.823
241.791
241.814
241.785
241.827
241.777
241.790
241.746
241.761
241.704
241.760
241.620
241.697
241.631
241.654
241.612
241.641
241.576
241.533
241.346
241.494
241.383
241.439
241.366
241.416
241.341
241.356
241.295
241.308
241.243
241.294
241.253
241.292
241.249
241.292
241.274
241.331
241.274
241.335
241.316
241.363
241.315
241.361
241.342
241.362
241.342
242.094
242.122
242.148
242.041
242.057
242.030
242.024
242.202
242.058
242.226
242.212
242.241
242.239
242.201
242.222
242.134
242.161
242.059
242.087
242.141
241.998
242.044
242.079
241.986
242.002
241.971
241.969
241.284
241.299
240.795
241.234
241.240
241.171
241.187
241.572
241.557
241.464
241.479
241.790
241.380
241.717
241.739
241.993
241.917
242.171
242.194
242.200
242.132
242.153
242.086
242.102
242.024
242.063
241.965
241.982
241.735
241.761
241.796
241.818
241.777
241.768
241.770
241.909
241.871
241.849
241.911
241.852
241.894
241.667
241.784
241.471
241.600
241.410
241.454
241.307
241.395
241.113
241.211
241.008
241.048
242.299
242.284
242.321
242.245
242.246
242.111
242.114
241.219
241.271
241.310
242.011
242.011
242.011
242.011
242.011
242.011
242.011
242.013
242.011
242.011
242.014
242.121
242.108
242.071
242.082
242.101
242.030
242.046
242.022
241.991
242.011
242.011
242.045
240.869
240.995
242.408
242.018
242.011
242.139
242.157
242.173
242.013
242.022
242.022
242.109
242.011
241.911
242.013
242.043
241.936
242.088
242.139
241.193
241.182
241.995
241.954
241.960
242.061
242.013
242.082
242.076
242.074
242.074
242.129
241.318
241.251
241.037
240.908
240.605
240.706
242.011
242.011
242.011
242.178
242.148
242.035
242.097
242.074
242.049
242.024
242.028
242.045
241.962
241.721
241.824
241.784
241.785
241.829
241.792
241.309
241.414
241.209
241.175
242.006
241.955
241.791
241.784
241.796
241.788
241.359
241.349
242.157
242.088
242.019
242.148
242.110
242.065
241.812
241.790
241.821
241.794
241.826
241.804
241.831
241.146
241.212
241.328
240.723
241.955
241.963
241.973
241.205
241.269
241.236
242.013
242.020
241.975
241.986
242.141
242.092
242.008
242.003
242.074
242.055
242.142
242.113
242.214
242.182
241.856
241.863
241.039
241.009
241.665
241.645
242.278
242.223
242.256
242.230
242.111
242.158
242.211
242.196
242.072
242.079
241.201
241.341
242.088
242.092
241.943
242.123
242.024
242.118
242.160
241.933
241.941
242.045
241.975
242.164
242.110
242.116
242.214
242.076
242.086
242.021
242.038
242.029
241.403
241.349
241.905
241.971
241.892
241.969
241.862
241.910
242.074
242.070
242.007
242.067
241.876
241.951
241.897
241.871
242.015
241.904
241.973
241.907
242.036
241.861
242.054
241.861
242.085
241.868
242.110
241.887
242.140
241.875
241.892
241.902
241.895
241.932
241.915
241.976
241.941
241.984
242.032
241.911
241.970
241.839
241.901
242.040
242.103
241.957
242.015
241.860
241.926
241.777
241.834
241.722
241.715
241.828
241.932
241.973
241.977
242.088
242.092
241.834
241.784
241.890
241.819
242.121
242.207
242.029
242.101
242.000
242.056
242.144
242.034
242.012
242.227
242.041
242.071
242.040
242.060
241.306
241.347
241.419
241.369
242.235
242.178
240.942
241.006
240.830
240.858
242.030
242.014
242.094
242.053
242.086
242.050
241.636
242.089
241.526
241.727
241.640
241.526
242.085
242.111
242.086
242.092
242.194
242.182
242.182
242.226
242.230
242.296
242.241
242.299
241.961
241.961
241.963
241.965
241.828
241.823
241.816
241.815
241.931
241.842
241.950
241.961
241.874
241.981
241.847
241.848
241.860
241.860
241.840
241.923
241.843
241.845
241.911
241.851
241.878
241.880
241.864
241.863
241.926
241.893
241.964
241.965
241.981
241.984
241.914
241.924
241.837
241.837
241.761
241.781
241.782
241.766
241.810
241.811
241.807
241.812
242.018
242.175
242.233
242.086
242.047
242.037
242.046
242.080
241.965
242.002
241.456
241.361
241.430
241.385
241.273
241.347
241.141
241.222
240.968
241.094
241.292
241.400
241.068
241.225
240.902
241.032
241.145
241.280
241.054
241.152
240.954
241.033
241.175
241.083
241.203
241.238
241.140
241.163
241.277
241.163
241.248
241.273
241.398
241.204
241.373
241.156
241.257
241.112
241.218
242.016
242.015
241.851
241.900
241.844
241.881
241.814
241.869
241.818
241.832
241.818
241.827
241.791
241.771
241.802
241.787
241.820
241.791
241.834
241.807
241.885
241.839
241.937
241.858
241.891
241.908
241.886
241.902
241.754
241.773
241.735
241.763
241.716
241.664
241.738
241.697
241.753
241.720
241.777
241.749
241.705
241.696
241.739
241.708
241.666
241.661
241.676
241.665
241.636
241.627
241.680
241.615
241.652
241.633
241.688
241.650
241.676
241.681
241.714
241.678
241.711
241.700
241.754
241.705
241.792
241.719
241.775
241.744
241.847
241.765
241.757
241.758
241.796
241.769
241.798
241.784
241.830
241.802
241.807
241.787
241.822
241.801
241.796
241.773
241.813
241.792
241.769
241.815
241.797
241.775
241.747
241.799
241.777
241.744
241.805
241.777
241.731
241.698
241.769
241.731
241.708
241.672
241.736
241.708
241.713
241.667
241.729
241.713
241.677
241.731
241.713
241.677
241.647
241.709
241.153
241.022
241.554
241.412
241.692
241.540
241.832
241.677
241.973
241.983
241.952
242.070
242.043
241.990
242.137
242.022
241.998
242.087
242.083
242.035
242.046
241.887
242.003
241.840
241.838
241.912
241.771
242.147
242.046
241.907
242.071
241.854
241.835
242.177
241.787
242.213
242.162
242.317
242.326
242.154
242.225
241.074
241.073
241.116
241.003
241.002
240.868
240.901
240.713
240.810
240.768
240.754
241.850
241.834
241.866
241.865
241.914
241.871
241.915
241.919
241.918
241.929
242.000
242.033
242.050
242.019
242.036
242.028
242.025
242.031
241.978
241.953
241.967
241.920
241.797
241.890
241.771
241.748
241.716
241.733
241.696
241.690
241.681
241.683
241.680
241.680
241.680
241.681
241.658
241.658
241.658
241.653
241.650
241.652
241.651
241.656
241.661
241.662
241.662
241.660
241.669
241.677
241.671
241.671
241.679
241.672
241.674
241.674
241.694
241.673
241.685
241.680
241.720
241.675
241.697
241.699
241.688
241.686
241.710
241.703
241.692
241.690
241.724
241.678
241.657
241.657
241.783
241.667
241.738
241.725
241.850
241.688
241.797
241.788
241.744
241.735
241.877
241.856
241.818
241.808
241.908
241.906
241.880
241.879
241.979
241.848
241.900
241.892
242.058
241.854
241.980
241.977
242.137
241.895
242.062
242.072
241.973
241.979
242.083
241.876
242.002
241.992
242.087
241.911
242.021
242.021
241.930
241.921
242.031
241.842
241.918
241.934
242.036
241.836
241.952
241.953
241.865
241.873
241.992
241.750
241.928
241.824
241.859
241.976
241.751
241.883
241.895
241.774
241.779
241.680
241.694
241.908
241.945
241.762
241.776
241.733
242.036
241.685
241.892
241.941
241.753
241.804
241.665
241.697
241.891
241.603
241.729
241.547
241.635
241.697
241.559
241.588
241.447
241.504
241.294
241.367
241.085
241.137
241.203
241.102
241.160
241.012
241.017
241.011
241.017
241.118
241.110
241.046
241.065
241.436
241.386
241.359
241.344
241.570
241.535
241.495
241.447
241.385
240.810
240.968
241.176
241.123
241.137
241.086
241.107
241.374
241.380
241.317
241.318
241.680
241.283
242.070
242.078
242.235
242.078
242.225
242.252
242.230
242.239
241.447
241.443
241.406
241.412
241.422
241.384
241.377
240.949
241.329
241.023
241.257
241.110
241.155
241.052
241.001
241.054
241.052
240.987
241.000
240.993
241.003
240.994
241.025
241.165
241.281
241.092
241.130
241.052
241.083
241.492
241.511
240.425
240.726
240.793
240.666
240.614
240.987
240.476
240.703
240.703
240.617
240.604
241.577
241.506
241.523
241.473
241.440
241.441
241.448
241.412
241.404
241.440
241.438
241.393
241.392
241.430
241.420
241.411
241.404
241.425
241.426
241.412
241.411
241.421
241.410
241.403
241.404
241.412
241.416
241.414
241.414
241.409
241.402
241.399
241.394
241.406
241.389
241.380
241.385
241.371
241.354
241.347
241.349
241.347
241.333
241.280
241.285
241.280
241.285
241.262
241.265
241.244
241.262
241.264
241.245
241.215
241.212
241.221
241.211
241.227
241.045
241.481
241.501
241.381
241.681
241.381
241.727
241.782
241.700
241.849
241.535
241.577
241.566
241.608
241.539
241.516
241.618
241.516
241.625
241.612
241.607
241.611
241.624
241.655
241.615
241.712
241.602
241.815
241.592
241.830
241.681
241.715
241.740
241.801
241.699
241.911
241.804
241.990
241.822
241.914
241.733
241.909
241.772
241.698
241.772
241.676
241.725
241.699
241.714
241.665
241.796
241.634
241.722
241.634
241.616
241.533
241.599
241.504
241.504
241.402
241.461
241.381
241.451
241.389
241.402
241.369
241.430
241.344
241.416
241.358
241.312
241.356
241.306
241.250
241.283
241.270
241.247
241.233
241.221
241.228
241.233
241.270
241.259
241.291
241.259
241.292
241.289
241.308
241.281
241.307
241.302
241.308
241.302
241.306
241.326
241.329
241.325
241.325
241.454
241.471
241.600
241.755
241.395
240.746
241.164
240.566
241.048
240.638
241.335
241.240
241.508
241.398
241.672
241.566
241.775
241.726
241.806
241.811
241.744
241.752
241.804
242.185
242.233
242.124
242.273
242.260
242.289
242.282
242.185
242.161
242.309
242.294
242.343
242.322
242.379
242.101
242.400
242.136
242.415
242.140
242.130
242.131
242.129
242.129
242.121
242.129
242.160
242.136
242.094
242.146
242.089
242.089
242.117
242.112
241.957
242.033
241.646
241.741
242.159
242.145
241.734
242.148
242.164
242.165
242.152
242.146
242.395
242.136
242.332
242.092
242.261
242.283
242.185
242.206
242.103
242.137
242.101
242.041
241.884
241.952
241.777
241.778
241.766
241.796
241.791
242.306
242.266
242.154
242.331
242.285
242.366
242.342
242.349
242.444
242.372
242.126
242.051
242.181
242.102
242.054
241.946
242.133
242.039
242.129
242.116
242.189
242.126
242.051
242.212
242.153
242.060
242.243
242.154
241.980
241.893
242.179
242.006
242.173
242.094
242.264
242.200
242.351
242.275
241.987
241.967
242.057
241.967
241.999
242.060
242.129
242.020
242.231
242.142
242.165
242.052
242.280
242.182
242.414
242.314
242.390
242.292
242.458
242.427
242.401
242.449
242.155
242.054
242.267
242.198
242.232
242.264
242.164
242.193
242.157
241.854
242.060
241.850
242.313
242.208
241.573
241.638
241.646
241.629
241.524
241.657
241.597
241.454
241.388
241.454
241.583
241.582
241.772
241.411
241.631
241.620
241.828
241.478
241.822
241.822
241.598
241.604
241.827
241.827
241.291
241.388
241.279
241.228
241.254
241.202
241.250
241.236
241.288
241.235
241.298
241.284
241.313
241.294
241.317
241.296
241.368
241.327
241.386
241.350
241.420
241.359
241.418
241.395
241.460
241.404
241.445
241.418
241.494
241.406
241.502
241.476
241.508
241.476
241.526
241.486
241.538
241.508
241.559
241.500
242.149
242.034
241.918
241.301
241.007
241.977
242.291
242.071
241.987
242.080
241.159
242.016
242.018
242.027
242.068
241.094
242.042
241.965
241.950
242.095
242.013
241.527
241.504
241.960
241.959
241.961
241.575
241.543
241.415
241.454
241.173
241.119
241.312
241.276
241.235
242.040
242.019
242.025
242.072
242.055
241.868
242.012
241.402
241.387
241.359
241.846
241.419
241.850
241.851
241.853
241.873
241.724
241.773
241.518
241.595
241.689
241.719
241.428
241.477
241.552
241.302
241.354
241.470
241.369
241.393
241.587
241.554
241.902
241.868
241.889
241.853
241.852
241.917
241.889
241.910
241.865
241.928
241.897
241.782
241.746
241.799
241.752
241.500
241.232
241.805
241.808
241.625
241.458
241.345
241.230
241.477
241.340
241.365
241.457
241.495
241.373
241.373
241.452
241.449
241.355
241.320
241.405
241.410
241.286
241.347
241.376
241.498
241.340
241.470
241.486
241.573
241.447
241.666
241.573
241.626
241.545
241.706
241.814
241.554
241.641
241.981
241.284
241.427
241.995
241.984
241.821
242.137
242.022
242.013
241.421
241.416
242.141
241.470
241.325
241.998
241.984
241.552
241.797
242.031
241.114
242.109
241.405
241.292
241.306
241.345
241.434
242.077
242.349
241.455
241.457
242.068
242.011
242.019
242.019
241.389
242.107
240.808
241.351
242.011
242.264
242.197
242.189
242.148
242.170
241.157
241.200
241.307
242.091
242.213
241.233
241.201
241.934
241.871
242.199
242.200
242.127
242.166
241.934
242.186
242.158
242.092
242.234
242.215
242.239
241.887
242.006
241.813
242.068
242.031
242.130
242.011
242.074
241.819
241.791
241.992
241.926
240.475
240.444
241.514
241.588
240.857
240.907
240.939
240.845
241.792
241.805
241.183
241.188
241.788
241.802
240.597
240.562
242.007
241.983
241.730
241.820
241.996
241.984
242.061
242.050
242.132
242.076
242.080
242.074
242.062
242.067
241.175
241.209
241.363
241.363
241.206
241.249
241.795
241.794
241.798
241.805
242.020
242.031
240.830
241.815
241.921
241.584
241.584
241.832
241.829
242.034
241.988
241.957
241.982
241.148
241.450
241.292
241.260
241.460
241.400
241.363
241.364
241.611
241.542
241.295
241.724
241.842
241.838
242.047
242.075
241.959
242.057
241.157
241.291
241.008
240.958
240.857
240.858
240.949
240.965
240.803
240.925
240.810
241.008
241.064
241.115
241.726
241.772
241.384
241.310
242.186
242.158
242.093
242.106
242.036
241.940
242.004
242.105
242.092
241.519
241.607
241.445
241.616
241.871
241.891
241.903
241.892
241.907
241.914
241.867
241.885
241.861
241.851
241.868
241.872
241.886
241.879
241.878
241.872
241.890
241.884
241.902
241.892
241.356
241.344
240.705
240.786
240.837
240.829
241.940
242.015
241.905
241.954
241.882
241.941
241.817
241.874
241.800
241.852
241.771
241.768
241.768
241.765
241.791
241.766
241.807
241.782
241.864
241.797
241.907
241.856
242.046
241.879
241.781
241.866
241.782
241.798
241.654
241.787
241.641
241.659
241.673
241.641
241.709
241.666
241.690
241.696
241.696
241.661
241.631
241.683
241.650
241.630
241.607
241.644
241.627
241.604
241.625
241.626
241.632
241.627
241.647
241.629
241.641
241.649
241.656
241.648
241.682
241.667
241.695
241.679
241.718
241.687
241.733
241.709
241.739
241.719
241.759
241.734
241.759
241.736
241.774
241.748
241.763
241.776
241.785
241.763
241.741
241.780
241.767
241.735
241.705
241.765
241.760
241.705
241.652
241.760
241.711
241.645
241.976
242.339
241.744
241.706
241.649
241.598
241.701
241.654
241.598
241.528
241.672
241.602
241.582
241.678
241.667
241.582
241.521
241.667
241.615
241.521
241.502
241.610
241.057
241.111
241.071
241.122
241.341
241.439
241.341
241.439
240.675
240.706
240.780
240.622
241.991
241.997
242.012
242.026
241.847
241.865
241.916
241.921
242.002
242.018
242.030
242.050
242.067
241.919
241.913
241.988
241.998
241.632
241.668
241.703
241.415
241.356
241.344
241.465
241.414
241.516
241.449
241.824
241.881
241.819
241.809
241.809
241.894
241.756
241.795
241.854
241.782
241.696
241.787
241.740
241.973
241.787
241.986
241.973
241.986
241.986
241.945
242.036
241.882
241.937
241.863
241.882
241.873
241.895
241.858
241.878
240.504
240.549
240.509
240.422
240.395
240.328
240.328
240.595
240.306
240.458
240.473
241.882
241.882
241.860
241.887
241.909
241.946
241.902
241.956
241.969
241.980
241.974
242.006
242.004
242.003
242.006
241.981
241.966
241.959
241.939
241.816
241.791
241.760
241.770
241.716
241.706
241.702
241.691
241.678
241.685
241.681
241.679
241.678
241.683
241.679
241.678
241.661
241.677
241.665
241.670
241.656
241.675
241.659
241.664
241.663
241.665
241.666
241.668
241.673
241.671
241.673
241.671
241.672
241.675
241.675
241.677
241.677
241.681
241.675
241.684
241.673
241.673
241.684
241.661
241.667
241.666
241.647
241.644
241.666
241.663
241.642
241.641
241.663
241.616
241.640
241.630
241.679
241.590
241.651
241.642
241.719
241.615
241.698
241.695
241.661
241.644
241.752
241.745
241.705
241.704
241.853
241.828
241.777
241.785
241.841
241.735
241.826
241.819
241.890
241.797
241.826
241.821
241.961
241.796
241.876
241.876
241.810
241.807
241.911
241.911
241.825
241.814
241.907
241.759
241.860
241.847
241.766
241.771
241.856
241.713
241.766
241.776
241.701
241.701
241.764
241.797
241.665
241.679
241.800
241.660
241.697
241.720
241.651
241.656
241.734
241.642
241.666
241.680
241.636
241.635
241.733
241.620
241.658
241.678
241.614
241.622
241.750
241.600
241.658
241.686
241.583
241.608
241.540
241.555
241.465
241.508
241.332
241.383
241.154
241.222
241.056
241.080
241.431
241.399
241.427
241.397
241.380
241.392
241.373
241.368
241.367
241.346
241.347
241.329
241.346
241.362
241.358
241.402
241.402
241.403
241.406
241.408
241.423
241.410
241.406
241.406
241.410
241.407
241.408
241.403
241.405
241.366
241.387
241.392
241.369
241.362
241.355
241.350
241.355
241.350
241.329
241.324
241.326
241.328
241.315
241.318
241.301
241.318
241.301
241.332
241.318
241.338
241.295
241.345
241.289
241.328
241.274
241.287
241.318
241.244
241.335
241.331
240.691
240.577
240.481
241.154
241.021
241.151
241.019
241.646
241.514
241.609
241.406
241.719
241.307
241.719
241.620
241.660
241.578
241.658
241.799
241.801
241.799
241.860
241.909
241.865
241.944
241.875
241.913
242.102
241.909
242.193
242.188
242.009
242.208
242.008
242.016
242.157
242.013
242.202
242.199
242.029
242.224
242.001
241.990
241.636
241.893
241.563
241.562
241.556
241.497
241.537
241.491
241.415
241.478
241.361
241.336
241.343
241.376
241.345
241.299
241.299
241.318
241.278
241.274
241.281
241.267
241.272
241.246
241.259
241.259
241.285
241.281
241.292
241.266
241.254
241.255
241.245
241.235
241.258
241.275
241.266
241.288
241.329
241.350
241.350
241.328
241.326
241.343
241.342
241.337
241.345
241.367
241.358
241.343
241.357
241.338
241.350
241.344
241.344
241.344
242.092
242.103
242.103
242.171
242.151
242.283
242.243
242.094
242.374
242.020
242.040
241.986
241.967
242.094
242.235
242.165
242.161
242.263
242.029
242.171
241.875
241.856
241.901
241.883
242.287
242.139
242.322
242.347
242.171
242.225
241.008
241.031
241.266
241.220
241.193
241.177
241.171
241.315
241.308
241.064
241.068
241.212
241.053
241.053
241.289
241.277
241.233
241.236
240.995
240.847
240.746
241.210
241.095
240.566
240.658
240.638
240.574
241.375
241.291
241.553
241.463
241.690
241.617
241.795
241.741
241.770
241.628
242.011
242.263
241.367
240.581
242.176
241.948
241.353
241.417
241.387
242.162
242.080
242.187
242.086
240.680
240.766
241.350
241.753
241.086
242.092
241.993
241.922
241.958
241.960
242.108
241.970
241.393
241.363
241.380
242.071
242.102
241.246
241.235
241.372
241.384
241.848
241.396
242.308
242.321
242.222
241.775
241.837
241.927
241.374
241.225
241.492
242.127
240.385
240.383
242.220
242.171
242.158
242.182
242.134
242.178
241.370
241.395
241.410
241.459
242.146
241.960
240.493
240.524
241.821
241.836
241.171
241.149
241.321
241.338
241.388
241.930
241.887
242.120
242.019
241.126
241.126
241.197
241.530
241.599
241.400
241.434
241.883
241.929
241.895
241.921
240.781
240.708
240.629
240.477
240.499
240.501
240.655
240.566
241.860
241.903
241.879
241.876
242.142
242.148
241.174
241.178
241.201
241.168
241.307
241.316
242.090
242.111
241.381
241.292
241.998
242.055
241.885
242.002
241.997
241.008
241.024
241.722
241.714
241.700
241.698
241.897
241.869
241.185
241.191
241.650
241.750
241.798
241.800
242.006
241.921
241.705
241.777
241.410
241.391
240.847
240.746
241.094
240.973
241.300
241.173
241.418
240.724
241.175
241.027
242.071
242.101
241.525
241.517
241.525
241.178
241.396
241.373
240.431
240.592
240.541
240.457
241.320
241.338
241.989
241.989
241.551
241.687
241.403
241.390
241.235
241.202
241.495
241.567
242.036
242.139
242.029
242.068
241.947
242.063
241.866
241.974
241.972
242.062
241.857
241.947
241.758
241.839
241.973
241.944
241.980
241.805
241.947
241.783
241.822
241.757
241.805
241.732
241.763
241.787
241.768
241.797
241.777
241.320
241.339
241.245
241.328
241.247
241.289
241.278
241.271
241.271
241.279
241.261
241.260
241.282
241.248
241.271
241.300
241.275
241.287
241.314
241.335
241.312
241.326
241.313
241.301
241.311
241.309
241.392
241.296
241.402
241.355
241.411
241.373
241.420
241.368
241.588
241.388
241.631
241.456
242.155
241.489
242.170
242.120
241.984
242.157
241.970
241.931
242.140
241.970
242.111
242.020
241.786
242.081
241.820
241.701
241.831
241.709
241.885
241.557
241.508
241.505
241.531
241.245
241.191
241.319
241.227
241.030
240.940
241.077
240.996
240.884
240.740
240.877
240.773
240.643
240.805
240.675
240.461
241.807
241.787
242.128
242.114
242.128
242.141
241.996
242.135
241.904
242.130
241.887
242.124
241.919
242.136
241.862
241.902
241.395
241.312
241.603
241.465
241.824
241.813
241.741
241.818
241.717
241.742
241.624
241.731
241.627
241.605
241.595
241.619
241.612
241.595
241.592
241.610
241.603
241.588
241.583
241.598
241.581
241.580
241.584
241.584
241.613
241.592
241.623
241.610
241.648
241.607
241.664
241.636
241.646
241.619
241.664
241.649
241.669
241.659
241.684
241.661
241.701
241.691
241.709
241.707
241.703
241.708
241.731
241.699
241.682
241.722
241.712
241.645
241.648
241.708
241.693
241.651
241.591
241.693
241.641
241.591
241.697
241.643
241.587
241.538
241.639
241.588
241.486
241.416
241.551
241.522
241.591
241.536
241.390
241.597
241.556
241.605
241.600
241.592
241.526
241.619
241.609
241.631
241.620
241.653
241.627
241.638
241.625
241.644
241.639
242.021
242.006
242.121
242.111
241.981
242.220
241.975
241.968
241.443
241.427
241.516
241.464
241.595
241.516
241.465
241.411
241.539
241.472
241.448
241.539
241.499
241.448
241.400
241.506
241.445
241.389
241.510
241.445
241.292
241.369
241.682
241.393
241.655
241.751
241.859
241.857
241.873
241.856
241.879
241.873
241.867
241.894
241.870
241.894
242.160
242.142
242.158
241.356
241.479
241.490
241.390
241.374
241.357
241.362
241.390
241.351
241.366
241.341
241.347
241.346
241.327
241.363
241.346
241.364
241.365
241.680
241.654
241.645
241.658
241.655
241.663
241.660
241.671
241.652
241.685
241.675
241.716
241.681
241.697
241.685
241.718
241.697
241.772
241.718
241.719
241.703
241.761
241.719
241.727
241.759
241.754
241.725
241.806
241.750
241.767
241.746
241.786
241.767
241.747
241.704
241.792
241.746
241.673
241.773
241.720
241.689
241.604
241.714
241.644
241.589
241.692
241.643
241.574
241.560
241.638
241.574
241.583
241.559
241.605
241.577
241.576
241.559
241.596
241.579
241.587
241.588
241.607
241.581
241.631
241.601
241.613
241.603
241.638
241.614
241.647
241.628
241.660
241.639
241.667
241.657
241.675
241.665
241.679
241.675
241.675
241.671
241.675
241.675
241.675
241.673
241.674
241.672
241.676
241.673
241.677
241.677
241.682
241.680
241.678
241.676
241.688
241.682
241.684
241.682
241.697
241.688
241.693
241.695
241.700
241.697
241.690
241.705
241.686
241.696
241.734
241.719
241.745
241.725
241.881
241.838
241.909
241.863
242.037
242.029
242.052
242.058
242.004
242.037
241.996
242.011
241.963
242.008
241.956
241.964
241.942
241.974
242.120
242.193
241.655
241.406
241.543
240.595
240.553
240.285
240.339
240.527
240.553
240.472
240.336
240.596
241.758
241.808
241.869
241.046
241.103
241.068
241.128
241.117
241.123
241.113
241.115
242.116
241.966
242.088
242.021
242.164
241.820
242.210
242.134
242.136
241.820
241.696
241.723
242.145
242.120
242.145
242.118
242.128
242.145
242.129
241.653
241.730
242.101
242.071
242.042
242.131
242.119
242.139
242.141
242.131
242.136
242.130
242.130
241.565
241.533
241.449
241.285
241.245
241.550
241.397
241.270
241.091
241.464
241.270
241.246
241.125
241.400
241.246
241.210
241.385
241.344
241.236
241.399
241.243
241.277
241.232
241.183
241.138
241.146
241.139
241.115
241.234
241.251
241.238
241.250
241.342
241.366
241.326
241.344
241.354
241.381
241.337
241.367
241.373
241.390
241.363
241.375
241.385
241.388
241.386
241.390
241.382
241.373
241.382
241.376
241.418
241.386
241.434
241.390
241.423
241.387
241.439
241.398
241.452
241.411
241.962
241.780
241.718
241.486
241.381
241.867
241.252
241.252
241.602
241.793
241.657
241.805
241.764
241.813
241.762
241.848
241.813
241.188
241.181
241.263
241.158
241.125
241.233
241.201
241.173
241.164
241.121
241.065
241.039
241.101
241.174
241.174
241.139
241.126
241.281
241.213
241.209
241.167
241.825
241.762
241.820
241.858
241.818
241.649
241.645
241.576
241.095
241.170
241.166
242.115
241.576
241.352
241.769
241.642
241.639
241.129
242.120
241.169
241.292
241.881
242.149
241.512
241.479
241.757
241.909
241.382
241.169
241.364
241.350
241.366
242.238
242.241
242.215
241.967
241.942
241.926
241.920
241.321
241.329
241.685
241.778
242.043
242.003
242.081
241.875
242.039
241.909
241.789
240.630
240.558
240.549
240.227
240.409
240.346
240.298
240.701
240.547
241.000
240.803
241.254
241.147
242.209
242.221
242.215
242.228
242.154
242.185
242.156
242.171
241.721
241.855
240.405
240.390
240.460
241.977
242.036
240.450
240.460
241.973
242.001
240.545
240.518
241.332
241.327
241.311
241.323
241.344
241.345
241.308
241.286
241.301
241.284
241.292
241.271
241.289
241.269
241.291
241.348
241.284
241.322
241.319
241.350
241.345
241.548
241.597
241.361
241.345
241.983
241.952
241.699
241.776
241.141
241.128
241.699
241.700
240.543
240.528
242.102
242.105
241.350
241.350
240.337
240.405
240.655
240.648
241.561
241.494
241.359
241.349
241.337
241.342
241.404
241.417
241.461
241.470
241.744
241.743
241.466
241.383
241.678
241.699
241.337
241.323
241.321
241.354
241.328
241.322
241.330
241.316
241.274
241.260
241.270
241.259
241.253
241.246
241.299
241.250
241.630
241.402
241.723
241.236
241.703
241.434
241.693
241.554
241.646
241.371
241.696
241.379
241.373
241.319
241.808
241.824
241.299
241.232
241.009
240.896
241.038
240.979
242.105
242.107
241.409
241.346
241.460
241.395
241.326
241.338
241.332
242.045
242.076
242.016
242.083
241.882
241.925
241.862
241.901
241.765
241.781
241.765
241.781
241.746
241.736
241.756
241.734
241.751
241.750
241.758
241.752
241.760
241.746
241.751
241.760
241.647
241.660
241.631
241.657
241.580
241.583
241.587
241.582
241.576
241.568
241.583
241.574
241.557
241.519
241.579
241.531
241.545
241.527
241.573
241.545
241.556
241.524
241.589
241.537
241.570
241.555
241.600
241.574
241.634
241.595
241.648
241.625
241.628
241.649
241.659
241.602
241.609
241.668
241.633
241.602
241.686
241.643
241.622
241.594
241.653
241.611
241.607
241.570
241.648
241.607
241.556
241.531
241.588
241.554
241.486
241.452
241.531
241.489
241.426
241.400
240.845
240.828
240.840
240.820
240.821
240.764
240.841
240.764
240.670
240.576
240.677
240.587
240.495
240.531
240.507
240.527
241.460
241.426
241.380
241.350
241.420
241.382
241.337
241.430
241.390
241.337
241.279
241.388
241.336
241.279
241.392
241.316
240.446
240.542
241.566
241.627
241.657
241.618
241.601
241.507
241.652
241.609
241.678
241.651
241.673
241.581
241.690
241.680
241.655
241.585
241.678
241.697
241.659
241.663
241.697
241.695
241.663
241.722
241.697
241.688
241.643
241.745
241.690
241.604
241.537
241.670
241.590
241.527
241.655
241.582
241.517
241.508
241.575
241.542
241.499
241.584
241.529
241.536
241.503
241.552
241.532
241.531
241.513
241.551
241.531
241.529
241.546
241.550
241.535
241.548
241.550
241.556
241.549
241.569
241.557
241.573
241.554
241.600
241.573
241.601
241.566
241.627
241.597
241.606
241.627
241.629
241.602
241.654
241.624
241.648
241.592
241.669
241.633
241.650
241.623
241.661
241.637
241.651
241.629
241.663
241.663
241.640
241.658
241.640
241.667
241.652
241.673
241.663
241.673
241.670
241.692
241.681
241.697
241.688
241.720
241.723
241.710
241.718
241.708
241.706
241.704
241.708
241.783
241.708
241.802
241.755
241.942
241.783
242.001
241.921
242.009
241.968
242.037
242.048
242.035
242.039
241.971
241.997
241.972
241.997
241.637
241.639
241.594
241.621
241.511
241.543
241.612
241.401
241.567
241.592
241.430
241.490
241.589
241.312
241.515
241.556
241.370
241.419
241.207
241.273
240.633
240.662
241.388
241.432
241.520
241.698
241.670
241.655
241.599
241.559
242.187
241.174
241.302
241.810
242.012
240.276
241.926
241.101
241.144
242.149
242.196
242.149
242.189
242.141
242.172
240.522
240.588
241.966
241.960
241.979
241.654
241.622
241.970
242.008
241.562
241.606
242.104
242.152
242.098
242.083
241.744
241.713
240.649
240.346
240.464
240.823
240.728
241.699
241.700
241.303
241.303
241.495
241.584
241.388
241.408
241.553
241.651
241.631
241.608
241.674
241.673
241.878
241.891
241.825
241.843
241.798
241.068
240.957
241.384
241.095
240.510
240.407
240.631
240.659
241.254
241.306
241.318
241.288
241.313
240.794
240.584
242.071
242.083
242.068
242.074
242.068
242.046
241.292
241.270
241.349
241.298
241.262
241.280
241.264
241.280
241.267
241.244
241.257
241.224
241.202
241.159
241.233
241.163
241.242
241.176
241.284
241.173
240.589
240.588
241.284
241.252
241.290
241.249
241.412
241.412
241.262
241.267
241.256
241.267
241.236
241.209
241.233
241.209
241.736
241.736
241.267
241.213
241.215
241.302
241.278
241.330
241.314
241.260
241.159
241.257
241.147
241.149
241.085
241.144
241.687
241.789
241.091
241.083
241.960
241.997
240.943
241.085
240.938
240.937
240.840
240.949
241.472
241.408
240.842
240.843
240.769
240.840
240.764
240.778
240.621
240.783
240.586
240.662
240.657
240.620
240.641
240.744
241.278
241.301
241.328
241.298
240.474
240.594
240.612
240.599
240.545
240.576
242.032
242.022
242.026
242.011
241.894
242.010
241.199
241.133
241.345
241.243
241.150
241.152
241.247
241.169
241.411
241.296
241.222
241.204
241.332
241.243
241.478
241.383
241.599
241.512
241.325
241.302
241.346
241.327
241.365
241.344
241.888
241.884
241.882
241.850
241.812
241.740
241.744
241.736
241.738
241.729
241.720
241.735
241.728
241.720
241.728
241.729
241.747
241.675
241.664
241.668
241.665
241.648
241.605
241.586
241.824
241.838
241.951
241.967
241.584
241.598
241.633
241.623
241.618
241.606
241.606
241.595
241.671
241.698
241.568
241.576
241.564
241.569
241.538
241.553
241.529
241.545
241.519
241.535
241.514
241.520
241.524
241.527
241.527
241.537
241.529
241.511
241.552
241.530
241.558
241.544
241.582
241.552
241.562
241.569
241.561
241.561
241.572
241.563
241.580
241.561
241.594
241.577
241.573
241.549
241.586
241.562
241.606
241.592
241.592
241.576
241.604
241.582
241.579
241.576
241.579
241.570
241.568
241.560
241.583
241.541
241.570
241.558
241.540
241.538
241.564
241.561
241.543
241.545
241.559
241.532
241.541
241.541
241.542
241.547
241.555
241.549
241.546
241.551
241.524
241.526
241.563
241.530
241.535
241.508
241.512
241.509
241.509
241.491
241.514
241.469
241.457
241.488
241.435
241.455
241.458
241.500
241.434
241.449
241.454
241.430
241.419
241.510
241.492
241.450
241.450
241.625
241.623
241.557
241.542
241.661
241.467
241.601
241.603
241.515
241.546
241.602
241.620
241.507
241.519
241.595
241.410
241.509
241.529
241.424
241.437
241.547
241.558
241.424
241.452
241.566
241.329
241.541
241.514
241.570
241.543
241.498
241.451
241.527
241.489
241.431
241.435
241.447
241.432
241.404
241.416
241.403
241.401
241.347
241.376
241.414
241.348
241.357
241.345
241.351
241.320
241.345
241.335
241.321
241.295
241.362
241.280
241.315
241.406
241.313
241.292
241.709
241.578
241.531
241.591
241.542
241.556
241.821
241.556
241.561
241.470
241.428
241.071
241.055
241.095
241.095
241.138
241.060
241.051
241.094
241.096
241.046
241.048
241.092
241.077
241.013
241.021
241.094
240.970
240.996
240.985
241.273
241.142
241.288
241.288
241.224
240.892
241.082
241.068
241.351
241.296
241.363
241.362
241.361
241.344
241.367
241.348
241.376
241.364
241.373
241.355
241.372
241.366
241.373
241.354
241.375
241.357
241.370
241.368
241.358
241.357
241.365
241.354
241.356
241.358
241.366
241.347
241.330
241.357
241.511
241.706
242.062
241.262
241.557
241.384
241.397
241.978
241.551
241.536
242.024
241.979
241.429
241.551
241.535
241.536
241.330
241.330
241.540
241.532
241.284
241.437
241.359
241.357
241.775
241.279
241.524
241.521
241.532
241.508
240.497
240.348
240.257
241.351
241.520
241.512
241.508
241.514
240.600
241.671
241.447
241.427
241.514
241.526
240.653
241.512
241.351
241.386
241.386
241.462
241.460
241.440
241.472
240.349
240.325
240.325
241.472
241.529
240.974
241.091
241.320
241.317
241.248
241.633
241.317
241.249
241.262
241.288
241.249
241.252
241.215
241.240
241.329
241.329
241.279
241.274
241.279
241.268
241.278
241.278
241.751
241.780
241.798
241.707
241.631
241.651
240.692
240.652
241.199
241.234
241.148
241.190
241.092
241.207
241.191
241.166
241.190
241.178
241.193
241.153
241.222
241.133
241.153
241.136
241.165
241.129
241.188
241.140
241.178
241.162
241.200
241.167
241.199
241.157
241.213
241.179
241.112
241.049
241.117
241.058
241.013
240.991
241.016
240.988
241.172
241.209
241.758
241.615
241.567
241.514
241.388
241.424
241.632
241.660
241.550
240.552
240.392
240.927
240.929
241.162
241.160
240.927
240.929
240.849
240.861
241.269
241.182
241.216
241.247
241.216
241.216
241.324
241.257
241.232
241.257
240.832
240.877
240.713
240.755
240.850
240.920
240.847
240.906
240.819
240.873
240.791
240.847
240.969
241.081
240.778
240.774
241.315
241.297
241.326
241.315
241.363
241.275
241.255
241.284
241.273
240.483
240.479
240.607
241.701
241.738
241.775
241.274
240.399
240.524
241.258
240.940
240.794
241.298
241.233
241.481
241.553
241.570
241.574
241.261
241.252
241.295
241.254
241.357
241.423
241.716
241.737
241.666
241.663
241.634
241.253
241.269
241.252
241.262
241.279
241.232
241.330
241.321
241.345
241.332
241.332
241.395
241.527
241.587
241.267
241.324
241.229
241.263
241.347
241.460
241.273
241.321
241.401
241.450
241.246
241.268
241.237
241.243
241.203
241.247
241.211
241.230
241.188
241.218
241.120
241.153
241.120
241.142
241.126
241.152
241.119
241.152
241.127
241.140
241.065
241.135
241.114
241.127
241.112
241.092
241.043
241.062
241.036
241.047
241.012
241.047
241.015
241.041
241.008
241.042
241.017
241.053
240.965
241.071
240.965
241.034
241.531
241.455
241.580
240.402
240.741
240.754
240.703
240.909
240.864
241.053
241.037
241.040
241.126
241.069
241.138
241.005
241.099
241.124
241.108
241.655
241.639
240.837
240.761
240.889
240.919
241.018
240.983
240.408
240.578
240.580
241.544
240.915
240.910
241.460
241.291
241.434
241.464
241.477
241.437
241.350
241.366
241.303
241.268
241.309
241.303
241.289
241.292
241.278
241.306
241.271
241.306
241.271
241.286
241.286
241.300
241.268
241.297
241.227
241.243
241.297
241.294
241.234
241.335
241.290
241.274
241.175
241.209
241.259
241.184
241.270
241.185
241.264
241.239
241.188
241.256
241.173
241.216
241.074
241.203
241.076
241.099
241.022
241.121
241.012
240.997
240.993
241.006
240.974
240.984
240.975
240.982
240.892
240.892
240.795
240.795
240.890
240.828
240.706
241.243
241.226
241.181
241.259
240.740
240.707
241.296
240.684
241.131
240.453
241.181
241.288
241.143
241.170
241.190
241.170
241.262
241.266
241.513
241.452
241.498
241.368
241.314
241.296
241.351
241.353
241.448
240.718
240.827
241.601
241.627
241.205
241.255
241.293
241.319
241.230
241.235
241.259
241.114
241.137
241.635
241.641
241.205
241.243
241.076
241.110
241.120
241.187
241.131
241.202
241.120
241.217
241.139
241.193
241.145
241.205
241.154
241.185
240.618
240.670
240.947
240.957
241.082
240.936
240.910
241.262
241.255
241.268
241.283
241.276
241.309
241.459
241.319
241.567
241.319
241.433
241.268
241.487
241.439
241.285
241.635
241.570
241.192
241.153
240.881
240.635
241.405
241.200
241.318
241.345
241.152
240.921
240.878
241.150
241.145
241.028
241.148
241.372
241.340
241.389
241.371
241.069
241.137
240.968
241.081
240.646
241.354
241.310
241.318
241.361
241.343
240.931
241.135
241.087
241.631
241.333
241.299
241.358
241.364
241.331
241.355
241.355
241.352
241.360
241.347
241.346
241.335
241.814
)
;

boundaryField
{
    inlet
    {
        type            zeroGradient;
    }
    outlet
    {
        type            zeroGradient;
    }
    frontandback
    {
        type            empty;
    }
    sides
    {
        type            zeroGradient;
    }
}


// ************************************************************************* //
