/*--------------------------------*- C++ -*----------------------------------*\
| =========                 |                                                 |
| \\      /  F ield         | OpenFOAM: The Open Source CFD Toolbox           |
|  \\    /   O peration     | Version:  2.4.0                                 |
|   \\  /    A nd           | Web:      www.OpenFOAM.org                      |
|    \\/     M anipulation  |                                                 |
\*---------------------------------------------------------------------------*/
FoamFile
{
    version     2.0;
    format      ascii;
    class       vectorField;
    location    "constant/polyMesh";
    object      points;
}
// * * * * * * * * * * * * * * * * * * * * * * * * * * * * * * * * * * * * * //


4004
(
(0 0 10.04987562)
(1000 0 10.04987562)
(1000 100 10.04987562)
(0 100 10.04987562)
(999 100 10.04987562)
(998 100 10.04987562)
(997 100 10.04987562)
(996 100 10.04987562)
(995 100 10.04987562)
(994 100 10.04987562)
(993 100 10.04987562)
(992 100 10.04987562)
(991 100 10.04987562)
(990 100 10.04987562)
(989 100 10.04987562)
(988 100 10.04987562)
(987 100 10.04987562)
(986 100 10.04987562)
(985 100 10.04987562)
(984 100 10.04987562)
(983 100 10.04987562)
(982 100 10.04987562)
(981 100 10.04987562)
(980 100 10.04987562)
(979 100 10.04987562)
(978 100 10.04987562)
(977 100 10.04987562)
(976 100 10.04987562)
(975 100 10.04987562)
(974 100 10.04987562)
(973 100 10.04987562)
(972 100 10.04987562)
(971 100 10.04987562)
(970 100 10.04987562)
(969 100 10.04987562)
(968 100 10.04987562)
(967 100 10.04987562)
(966 100 10.04987562)
(965 100 10.04987562)
(964 100 10.04987562)
(963 100 10.04987562)
(962 100 10.04987562)
(961 100 10.04987562)
(960 100 10.04987562)
(959 100 10.04987562)
(958 100 10.04987562)
(957 100 10.04987562)
(956 100 10.04987562)
(955 100 10.04987562)
(954 100 10.04987562)
(953 100 10.04987562)
(952 100 10.04987562)
(951 100 10.04987562)
(950 100 10.04987562)
(949 100 10.04987562)
(948 100 10.04987562)
(947 100 10.04987562)
(946 100 10.04987562)
(945 100 10.04987562)
(944 100 10.04987562)
(943 100 10.04987562)
(942 100 10.04987562)
(941 100 10.04987562)
(940 100 10.04987562)
(939 100 10.04987562)
(938 100 10.04987562)
(937 100 10.04987562)
(936 100 10.04987562)
(935 100 10.04987562)
(934 100 10.04987562)
(933 100 10.04987562)
(932 100 10.04987562)
(931 100 10.04987562)
(930 100 10.04987562)
(929 100 10.04987562)
(928 100 10.04987562)
(927 100 10.04987562)
(926 100 10.04987562)
(925 100 10.04987562)
(924 100 10.04987562)
(923 100 10.04987562)
(922 100 10.04987562)
(921 100 10.04987562)
(920 100 10.04987562)
(919 100 10.04987562)
(918 100 10.04987562)
(917 100 10.04987562)
(916 100 10.04987562)
(915 100 10.04987562)
(914 100 10.04987562)
(913 100 10.04987562)
(912 100 10.04987562)
(911 100 10.04987562)
(910 100 10.04987562)
(909 100 10.04987562)
(908 100 10.04987562)
(907 100 10.04987562)
(906 100 10.04987562)
(905 100 10.04987562)
(904 100 10.04987562)
(903 100 10.04987562)
(902 100 10.04987562)
(901 100 10.04987562)
(900 100 10.04987562)
(899 100 10.04987562)
(898 100 10.04987562)
(897 100 10.04987562)
(896 100 10.04987562)
(895 100 10.04987562)
(894 100 10.04987562)
(893 100 10.04987562)
(892 100 10.04987562)
(891 100 10.04987562)
(890 100 10.04987562)
(889 100 10.04987562)
(888 100 10.04987562)
(887 100 10.04987562)
(886 100 10.04987562)
(885 100 10.04987562)
(884 100 10.04987562)
(883 100 10.04987562)
(882 100 10.04987562)
(881 100 10.04987562)
(880 100 10.04987562)
(879 100 10.04987562)
(878 100 10.04987562)
(877 100 10.04987562)
(876 100 10.04987562)
(875 100 10.04987562)
(874 100 10.04987562)
(873 100 10.04987562)
(872 100 10.04987562)
(871 100 10.04987562)
(870 100 10.04987562)
(869 100 10.04987562)
(868 100 10.04987562)
(867 100 10.04987562)
(866 100 10.04987562)
(865 100 10.04987562)
(864 100 10.04987562)
(863 100 10.04987562)
(862 100 10.04987562)
(861 100 10.04987562)
(860 100 10.04987562)
(859 100 10.04987562)
(858 100 10.04987562)
(857 100 10.04987562)
(856 100 10.04987562)
(855 100 10.04987562)
(854 100 10.04987562)
(853 100 10.04987562)
(852 100 10.04987562)
(851 100 10.04987562)
(850 100 10.04987562)
(849 100 10.04987562)
(848 100 10.04987562)
(847 100 10.04987562)
(846 100 10.04987562)
(845 100 10.04987562)
(844 100 10.04987562)
(843 100 10.04987562)
(842 100 10.04987562)
(841 100 10.04987562)
(840 100 10.04987562)
(839 100 10.04987562)
(838 100 10.04987562)
(837 100 10.04987562)
(836 100 10.04987562)
(835 100 10.04987562)
(834 100 10.04987562)
(833 100 10.04987562)
(832 100 10.04987562)
(831 100 10.04987562)
(830 100 10.04987562)
(829 100 10.04987562)
(828 100 10.04987562)
(827 100 10.04987562)
(826 100 10.04987562)
(825 100 10.04987562)
(824 100 10.04987562)
(823 100 10.04987562)
(822 100 10.04987562)
(821 100 10.04987562)
(820 100 10.04987562)
(819 100 10.04987562)
(818 100 10.04987562)
(817 100 10.04987562)
(816 100 10.04987562)
(815 100 10.04987562)
(814 100 10.04987562)
(813 100 10.04987562)
(812 100 10.04987562)
(811 100 10.04987562)
(810 100 10.04987562)
(809 100 10.04987562)
(808 100 10.04987562)
(807 100 10.04987562)
(806 100 10.04987562)
(805 100 10.04987562)
(804 100 10.04987562)
(803 100 10.04987562)
(802 100 10.04987562)
(801 100 10.04987562)
(800 100 10.04987562)
(799 100 10.04987562)
(798 100 10.04987562)
(797 100 10.04987562)
(796 100 10.04987562)
(795 100 10.04987562)
(794 100 10.04987562)
(793 100 10.04987562)
(792 100 10.04987562)
(791 100 10.04987562)
(790 100 10.04987562)
(789 100 10.04987562)
(788 100 10.04987562)
(787 100 10.04987562)
(786 100 10.04987562)
(785 100 10.04987562)
(784 100 10.04987562)
(783 100 10.04987562)
(782 100 10.04987562)
(781 100 10.04987562)
(780 100 10.04987562)
(779 100 10.04987562)
(778 100 10.04987562)
(777 100 10.04987562)
(776 100 10.04987562)
(775 100 10.04987562)
(774 100 10.04987562)
(773 100 10.04987562)
(772 100 10.04987562)
(771 100 10.04987562)
(770 100 10.04987562)
(769 100 10.04987562)
(768 100 10.04987562)
(767 100 10.04987562)
(766 100 10.04987562)
(765 100 10.04987562)
(764 100 10.04987562)
(763 100 10.04987562)
(762 100 10.04987562)
(761 100 10.04987562)
(760 100 10.04987562)
(759 100 10.04987562)
(758 100 10.04987562)
(757 100 10.04987562)
(756 100 10.04987562)
(755 100 10.04987562)
(754 100 10.04987562)
(753 100 10.04987562)
(752 100 10.04987562)
(751 100 10.04987562)
(750 100 10.04987562)
(749 100 10.04987562)
(748 100 10.04987562)
(747 100 10.04987562)
(746 100 10.04987562)
(745 100 10.04987562)
(744 100 10.04987562)
(743 100 10.04987562)
(742 100 10.04987562)
(741 100 10.04987562)
(740 100 10.04987562)
(739 100 10.04987562)
(738 100 10.04987562)
(737 100 10.04987562)
(736 100 10.04987562)
(735 100 10.04987562)
(734 100 10.04987562)
(733 100 10.04987562)
(732 100 10.04987562)
(731 100 10.04987562)
(730 100 10.04987562)
(729 100 10.04987562)
(728 100 10.04987562)
(727 100 10.04987562)
(726 100 10.04987562)
(725 100 10.04987562)
(724 100 10.04987562)
(723 100 10.04987562)
(722 100 10.04987562)
(721 100 10.04987562)
(720 100 10.04987562)
(719 100 10.04987562)
(718 100 10.04987562)
(717 100 10.04987562)
(716 100 10.04987562)
(715 100 10.04987562)
(714 100 10.04987562)
(713 100 10.04987562)
(712 100 10.04987562)
(711 100 10.04987562)
(710 100 10.04987562)
(709 100 10.04987562)
(708 100 10.04987562)
(707 100 10.04987562)
(706 100 10.04987562)
(705 100 10.04987562)
(704 100 10.04987562)
(703 100 10.04987562)
(702 100 10.04987562)
(701 100 10.04987562)
(700 100 10.04987562)
(699 100 10.04987562)
(698 100 10.04987562)
(697 100 10.04987562)
(696 100 10.04987562)
(695 100 10.04987562)
(694 100 10.04987562)
(693 100 10.04987562)
(692 100 10.04987562)
(691 100 10.04987562)
(690 100 10.04987562)
(689 100 10.04987562)
(688 100 10.04987562)
(687 100 10.04987562)
(686 100 10.04987562)
(685 100 10.04987562)
(684 100 10.04987562)
(683 100 10.04987562)
(682 100 10.04987562)
(681 100 10.04987562)
(680 100 10.04987562)
(679 100 10.04987562)
(678 100 10.04987562)
(677 100 10.04987562)
(676 100 10.04987562)
(675 100 10.04987562)
(674 100 10.04987562)
(673 100 10.04987562)
(672 100 10.04987562)
(671 100 10.04987562)
(670 100 10.04987562)
(669 100 10.04987562)
(668 100 10.04987562)
(667 100 10.04987562)
(666 100 10.04987562)
(665 100 10.04987562)
(664 100 10.04987562)
(663 100 10.04987562)
(662 100 10.04987562)
(661 100 10.04987562)
(660 100 10.04987562)
(659 100 10.04987562)
(658 100 10.04987562)
(657 100 10.04987562)
(656 100 10.04987562)
(655 100 10.04987562)
(654 100 10.04987562)
(653 100 10.04987562)
(652 100 10.04987562)
(651 100 10.04987562)
(650 100 10.04987562)
(649 100 10.04987562)
(648 100 10.04987562)
(647 100 10.04987562)
(646 100 10.04987562)
(645 100 10.04987562)
(644 100 10.04987562)
(643 100 10.04987562)
(642 100 10.04987562)
(641 100 10.04987562)
(640 100 10.04987562)
(639 100 10.04987562)
(638 100 10.04987562)
(637 100 10.04987562)
(636 100 10.04987562)
(635 100 10.04987562)
(634 100 10.04987562)
(633 100 10.04987562)
(632 100 10.04987562)
(631 100 10.04987562)
(630 100 10.04987562)
(629 100 10.04987562)
(628 100 10.04987562)
(627 100 10.04987562)
(626 100 10.04987562)
(625 100 10.04987562)
(624 100 10.04987562)
(623 100 10.04987562)
(622 100 10.04987562)
(621 100 10.04987562)
(620 100 10.04987562)
(619 100 10.04987562)
(618 100 10.04987562)
(617 100 10.04987562)
(616 100 10.04987562)
(615 100 10.04987562)
(614 100 10.04987562)
(613 100 10.04987562)
(612 100 10.04987562)
(611 100 10.04987562)
(610 100 10.04987562)
(609 100 10.04987562)
(608 100 10.04987562)
(607 100 10.04987562)
(606 100 10.04987562)
(605 100 10.04987562)
(604 100 10.04987562)
(603 100 10.04987562)
(602 100 10.04987562)
(601 100 10.04987562)
(600 100 10.04987562)
(599 100 10.04987562)
(598 100 10.04987562)
(597 100 10.04987562)
(596 100 10.04987562)
(595 100 10.04987562)
(594 100 10.04987562)
(593 100 10.04987562)
(592 100 10.04987562)
(591 100 10.04987562)
(590 100 10.04987562)
(589 100 10.04987562)
(588 100 10.04987562)
(587 100 10.04987562)
(586 100 10.04987562)
(585 100 10.04987562)
(584 100 10.04987562)
(583 100 10.04987562)
(582 100 10.04987562)
(581 100 10.04987562)
(580 100 10.04987562)
(579 100 10.04987562)
(578 100 10.04987562)
(577 100 10.04987562)
(576 100 10.04987562)
(575 100 10.04987562)
(574 100 10.04987562)
(573 100 10.04987562)
(572 100 10.04987562)
(571 100 10.04987562)
(570 100 10.04987562)
(569 100 10.04987562)
(568 100 10.04987562)
(567 100 10.04987562)
(566 100 10.04987562)
(565 100 10.04987562)
(564 100 10.04987562)
(563 100 10.04987562)
(562 100 10.04987562)
(561 100 10.04987562)
(560 100 10.04987562)
(559 100 10.04987562)
(558 100 10.04987562)
(557 100 10.04987562)
(556 100 10.04987562)
(555 100 10.04987562)
(554 100 10.04987562)
(553 100 10.04987562)
(552 100 10.04987562)
(551 100 10.04987562)
(550 100 10.04987562)
(549 100 10.04987562)
(548 100 10.04987562)
(547 100 10.04987562)
(546 100 10.04987562)
(545 100 10.04987562)
(544 100 10.04987562)
(543 100 10.04987562)
(542 100 10.04987562)
(541 100 10.04987562)
(540 100 10.04987562)
(539 100 10.04987562)
(538 100 10.04987562)
(537 100 10.04987562)
(536 100 10.04987562)
(535 100 10.04987562)
(534 100 10.04987562)
(533 100 10.04987562)
(532 100 10.04987562)
(531 100 10.04987562)
(530 100 10.04987562)
(529 100 10.04987562)
(528 100 10.04987562)
(527 100 10.04987562)
(526 100 10.04987562)
(525 100 10.04987562)
(524 100 10.04987562)
(523 100 10.04987562)
(522 100 10.04987562)
(521 100 10.04987562)
(520 100 10.04987562)
(519 100 10.04987562)
(518 100 10.04987562)
(517 100 10.04987562)
(516 100 10.04987562)
(515 100 10.04987562)
(514 100 10.04987562)
(513 100 10.04987562)
(512 100 10.04987562)
(511 100 10.04987562)
(510 100 10.04987562)
(509 100 10.04987562)
(508 100 10.04987562)
(507 100 10.04987562)
(506 100 10.04987562)
(505 100 10.04987562)
(504 100 10.04987562)
(503 100 10.04987562)
(502 100 10.04987562)
(501 100 10.04987562)
(500 100 10.04987562)
(499 100 10.04987562)
(498 100 10.04987562)
(497 100 10.04987562)
(496 100 10.04987562)
(495 100 10.04987562)
(494 100 10.04987562)
(493 100 10.04987562)
(492 100 10.04987562)
(491 100 10.04987562)
(490 100 10.04987562)
(489 100 10.04987562)
(488 100 10.04987562)
(487 100 10.04987562)
(486 100 10.04987562)
(485 100 10.04987562)
(484 100 10.04987562)
(483 100 10.04987562)
(482 100 10.04987562)
(481 100 10.04987562)
(480 100 10.04987562)
(479 100 10.04987562)
(478 100 10.04987562)
(477 100 10.04987562)
(476 100 10.04987562)
(475 100 10.04987562)
(474 100 10.04987562)
(473 100 10.04987562)
(472 100 10.04987562)
(471 100 10.04987562)
(470 100 10.04987562)
(469 100 10.04987562)
(468 100 10.04987562)
(467 100 10.04987562)
(466 100 10.04987562)
(465 100 10.04987562)
(464 100 10.04987562)
(463 100 10.04987562)
(462 100 10.04987562)
(461 100 10.04987562)
(460 100 10.04987562)
(459 100 10.04987562)
(458 100 10.04987562)
(457 100 10.04987562)
(456 100 10.04987562)
(455 100 10.04987562)
(454 100 10.04987562)
(453 100 10.04987562)
(452 100 10.04987562)
(451 100 10.04987562)
(450 100 10.04987562)
(449 100 10.04987562)
(448 100 10.04987562)
(447 100 10.04987562)
(446 100 10.04987562)
(445 100 10.04987562)
(444 100 10.04987562)
(443 100 10.04987562)
(442 100 10.04987562)
(441 100 10.04987562)
(440 100 10.04987562)
(439 100 10.04987562)
(438 100 10.04987562)
(437 100 10.04987562)
(436 100 10.04987562)
(435 100 10.04987562)
(434 100 10.04987562)
(433 100 10.04987562)
(432 100 10.04987562)
(431 100 10.04987562)
(430 100 10.04987562)
(429 100 10.04987562)
(428 100 10.04987562)
(427 100 10.04987562)
(426 100 10.04987562)
(425 100 10.04987562)
(424 100 10.04987562)
(423 100 10.04987562)
(422 100 10.04987562)
(421 100 10.04987562)
(420 100 10.04987562)
(419 100 10.04987562)
(418 100 10.04987562)
(417 100 10.04987562)
(416 100 10.04987562)
(415 100 10.04987562)
(414 100 10.04987562)
(413 100 10.04987562)
(412 100 10.04987562)
(411 100 10.04987562)
(410 100 10.04987562)
(409 100 10.04987562)
(408 100 10.04987562)
(407 100 10.04987562)
(406 100 10.04987562)
(405 100 10.04987562)
(404 100 10.04987562)
(403 100 10.04987562)
(402 100 10.04987562)
(401 100 10.04987562)
(400 100 10.04987562)
(399 100 10.04987562)
(398 100 10.04987562)
(397 100 10.04987562)
(396 100 10.04987562)
(395 100 10.04987562)
(394 100 10.04987562)
(393 100 10.04987562)
(392 100 10.04987562)
(391 100 10.04987562)
(390 100 10.04987562)
(389 100 10.04987562)
(388 100 10.04987562)
(387 100 10.04987562)
(386 100 10.04987562)
(385 100 10.04987562)
(384 100 10.04987562)
(383 100 10.04987562)
(382 100 10.04987562)
(381 100 10.04987562)
(380 100 10.04987562)
(379 100 10.04987562)
(378 100 10.04987562)
(377 100 10.04987562)
(376 100 10.04987562)
(375 100 10.04987562)
(374 100 10.04987562)
(373 100 10.04987562)
(372 100 10.04987562)
(371 100 10.04987562)
(370 100 10.04987562)
(369 100 10.04987562)
(368 100 10.04987562)
(367 100 10.04987562)
(366 100 10.04987562)
(365 100 10.04987562)
(364 100 10.04987562)
(363 100 10.04987562)
(362 100 10.04987562)
(361 100 10.04987562)
(360 100 10.04987562)
(359 100 10.04987562)
(358 100 10.04987562)
(357 100 10.04987562)
(356 100 10.04987562)
(355 100 10.04987562)
(354 100 10.04987562)
(353 100 10.04987562)
(352 100 10.04987562)
(351 100 10.04987562)
(350 100 10.04987562)
(349 100 10.04987562)
(348 100 10.04987562)
(347 100 10.04987562)
(346 100 10.04987562)
(345 100 10.04987562)
(344 100 10.04987562)
(343 100 10.04987562)
(342 100 10.04987562)
(341 100 10.04987562)
(340 100 10.04987562)
(339 100 10.04987562)
(338 100 10.04987562)
(337 100 10.04987562)
(336 100 10.04987562)
(335 100 10.04987562)
(334 100 10.04987562)
(333 100 10.04987562)
(332 100 10.04987562)
(331 100 10.04987562)
(330 100 10.04987562)
(329 100 10.04987562)
(328 100 10.04987562)
(327 100 10.04987562)
(326 100 10.04987562)
(325 100 10.04987562)
(324 100 10.04987562)
(323 100 10.04987562)
(322 100 10.04987562)
(321 100 10.04987562)
(320 100 10.04987562)
(319 100 10.04987562)
(318 100 10.04987562)
(317 100 10.04987562)
(316 100 10.04987562)
(315 100 10.04987562)
(314 100 10.04987562)
(313 100 10.04987562)
(312 100 10.04987562)
(311 100 10.04987562)
(310 100 10.04987562)
(309 100 10.04987562)
(308 100 10.04987562)
(307 100 10.04987562)
(306 100 10.04987562)
(305 100 10.04987562)
(304 100 10.04987562)
(303 100 10.04987562)
(302 100 10.04987562)
(301 100 10.04987562)
(300 100 10.04987562)
(299 100 10.04987562)
(298 100 10.04987562)
(297 100 10.04987562)
(296 100 10.04987562)
(295 100 10.04987562)
(294 100 10.04987562)
(293 100 10.04987562)
(292 100 10.04987562)
(291 100 10.04987562)
(290 100 10.04987562)
(289 100 10.04987562)
(288 100 10.04987562)
(287 100 10.04987562)
(286 100 10.04987562)
(285 100 10.04987562)
(284 100 10.04987562)
(283 100 10.04987562)
(282 100 10.04987562)
(281 100 10.04987562)
(280 100 10.04987562)
(279 100 10.04987562)
(278 100 10.04987562)
(277 100 10.04987562)
(276 100 10.04987562)
(275 100 10.04987562)
(274 100 10.04987562)
(273 100 10.04987562)
(272 100 10.04987562)
(271 100 10.04987562)
(270 100 10.04987562)
(269 100 10.04987562)
(268 100 10.04987562)
(267 100 10.04987562)
(266 100 10.04987562)
(265 100 10.04987562)
(264 100 10.04987562)
(263 100 10.04987562)
(262 100 10.04987562)
(261 100 10.04987562)
(260 100 10.04987562)
(259 100 10.04987562)
(258 100 10.04987562)
(257 100 10.04987562)
(256 100 10.04987562)
(255 100 10.04987562)
(254 100 10.04987562)
(253 100 10.04987562)
(252 100 10.04987562)
(251 100 10.04987562)
(250 100 10.04987562)
(249 100 10.04987562)
(248 100 10.04987562)
(247 100 10.04987562)
(246 100 10.04987562)
(245 100 10.04987562)
(244 100 10.04987562)
(243 100 10.04987562)
(242 100 10.04987562)
(241 100 10.04987562)
(240 100 10.04987562)
(239 100 10.04987562)
(238 100 10.04987562)
(237 100 10.04987562)
(236 100 10.04987562)
(235 100 10.04987562)
(234 100 10.04987562)
(233 100 10.04987562)
(232 100 10.04987562)
(231 100 10.04987562)
(230 100 10.04987562)
(229 100 10.04987562)
(228 100 10.04987562)
(227 100 10.04987562)
(226 100 10.04987562)
(225 100 10.04987562)
(224 100 10.04987562)
(223 100 10.04987562)
(222 100 10.04987562)
(221 100 10.04987562)
(220 100 10.04987562)
(219 100 10.04987562)
(218 100 10.04987562)
(217 100 10.04987562)
(216 100 10.04987562)
(215 100 10.04987562)
(214 100 10.04987562)
(213 100 10.04987562)
(212 100 10.04987562)
(211 100 10.04987562)
(210 100 10.04987562)
(209 100 10.04987562)
(208 100 10.04987562)
(207 100 10.04987562)
(206 100 10.04987562)
(205 100 10.04987562)
(204 100 10.04987562)
(203 100 10.04987562)
(202 100 10.04987562)
(201 100 10.04987562)
(200 100 10.04987562)
(199 100 10.04987562)
(198 100 10.04987562)
(197 100 10.04987562)
(196 100 10.04987562)
(195 100 10.04987562)
(194 100 10.04987562)
(193 100 10.04987562)
(192 100 10.04987562)
(191 100 10.04987562)
(190 100 10.04987562)
(189 100 10.04987562)
(188 100 10.04987562)
(187 100 10.04987562)
(186 100 10.04987562)
(185 100 10.04987562)
(184 100 10.04987562)
(183 100 10.04987562)
(182 100 10.04987562)
(181 100 10.04987562)
(180 100 10.04987562)
(179 100 10.04987562)
(178 100 10.04987562)
(177 100 10.04987562)
(176 100 10.04987562)
(175 100 10.04987562)
(174 100 10.04987562)
(173 100 10.04987562)
(172 100 10.04987562)
(171 100 10.04987562)
(170 100 10.04987562)
(169 100 10.04987562)
(168 100 10.04987562)
(167 100 10.04987562)
(166 100 10.04987562)
(165 100 10.04987562)
(164 100 10.04987562)
(163 100 10.04987562)
(162 100 10.04987562)
(161 100 10.04987562)
(160 100 10.04987562)
(159 100 10.04987562)
(158 100 10.04987562)
(157 100 10.04987562)
(156 100 10.04987562)
(155 100 10.04987562)
(154 100 10.04987562)
(153 100 10.04987562)
(152 100 10.04987562)
(151 100 10.04987562)
(150 100 10.04987562)
(149 100 10.04987562)
(148 100 10.04987562)
(147 100 10.04987562)
(146 100 10.04987562)
(145 100 10.04987562)
(144 100 10.04987562)
(143 100 10.04987562)
(142 100 10.04987562)
(141 100 10.04987562)
(140 100 10.04987562)
(139 100 10.04987562)
(138 100 10.04987562)
(137 100 10.04987562)
(136 100 10.04987562)
(135 100 10.04987562)
(134 100 10.04987562)
(133 100 10.04987562)
(132 100 10.04987562)
(131 100 10.04987562)
(130 100 10.04987562)
(129 100 10.04987562)
(128 100 10.04987562)
(127 100 10.04987562)
(126 100 10.04987562)
(125 100 10.04987562)
(124 100 10.04987562)
(123 100 10.04987562)
(122 100 10.04987562)
(121 100 10.04987562)
(120 100 10.04987562)
(119 100 10.04987562)
(118 100 10.04987562)
(117 100 10.04987562)
(116 100 10.04987562)
(115 100 10.04987562)
(114 100 10.04987562)
(113 100 10.04987562)
(112 100 10.04987562)
(111 100 10.04987562)
(110 100 10.04987562)
(109 100 10.04987562)
(108 100 10.04987562)
(107 100 10.04987562)
(106 100 10.04987562)
(105 100 10.04987562)
(104 100 10.04987562)
(103 100 10.04987562)
(102 100 10.04987562)
(101 100 10.04987562)
(100 100 10.04987562)
(99 100 10.04987562)
(98 100 10.04987562)
(97 100 10.04987562)
(96 100 10.04987562)
(95 100 10.04987562)
(94 100 10.04987562)
(93 100 10.04987562)
(92 100 10.04987562)
(91 100 10.04987562)
(90 100 10.04987562)
(89 100 10.04987562)
(88 100 10.04987562)
(87 100 10.04987562)
(86 100 10.04987562)
(85 100 10.04987562)
(84 100 10.04987562)
(83 100 10.04987562)
(82 100 10.04987562)
(81 100 10.04987562)
(80 100 10.04987562)
(79 100 10.04987562)
(78 100 10.04987562)
(77 100 10.04987562)
(76 100 10.04987562)
(75 100 10.04987562)
(74 100 10.04987562)
(73 100 10.04987562)
(72 100 10.04987562)
(71 100 10.04987562)
(70 100 10.04987562)
(69 100 10.04987562)
(68 100 10.04987562)
(67 100 10.04987562)
(66 100 10.04987562)
(65 100 10.04987562)
(64 100 10.04987562)
(63 100 10.04987562)
(62 100 10.04987562)
(61 100 10.04987562)
(60 100 10.04987562)
(59 100 10.04987562)
(58 100 10.04987562)
(57 100 10.04987562)
(56 100 10.04987562)
(55 100 10.04987562)
(54 100 10.04987562)
(53 100 10.04987562)
(52 100 10.04987562)
(51 100 10.04987562)
(50 100 10.04987562)
(49 100 10.04987562)
(48 100 10.04987562)
(47 100 10.04987562)
(46 100 10.04987562)
(45 100 10.04987562)
(44 100 10.04987562)
(43 100 10.04987562)
(42 100 10.04987562)
(41 100 10.04987562)
(40 100 10.04987562)
(39 100 10.04987562)
(38 100 10.04987562)
(37 100 10.04987562)
(36 100 10.04987562)
(35 100 10.04987562)
(34 100 10.04987562)
(33 100 10.04987562)
(32 100 10.04987562)
(31 100 10.04987562)
(30 100 10.04987562)
(29 100 10.04987562)
(28 100 10.04987562)
(27 100 10.04987562)
(26 100 10.04987562)
(25 100 10.04987562)
(24 100 10.04987562)
(23 100 10.04987562)
(22 100 10.04987562)
(21 100 10.04987562)
(20 100 10.04987562)
(19 100 10.04987562)
(18 100 10.04987562)
(17 100 10.04987562)
(16 100 10.04987562)
(15 100 10.04987562)
(14 100 10.04987562)
(13 100 10.04987562)
(12 100 10.04987562)
(11 100 10.04987562)
(10 100 10.04987562)
(9 100 10.04987562)
(8 100 10.04987562)
(7 100 10.04987562)
(6 100 10.04987562)
(5 100 10.04987562)
(4 100 10.04987562)
(3 100 10.04987562)
(2 100 10.04987562)
(1 100 10.04987562)
(1 0 10.04987562)
(2 0 10.04987562)
(3 0 10.04987562)
(4 0 10.04987562)
(5 0 10.04987562)
(6 0 10.04987562)
(7 0 10.04987562)
(8 0 10.04987562)
(9 0 10.04987562)
(10 0 10.04987562)
(11 0 10.04987562)
(12 0 10.04987562)
(13 0 10.04987562)
(14 0 10.04987562)
(15 0 10.04987562)
(16 0 10.04987562)
(17 0 10.04987562)
(18 0 10.04987562)
(19 0 10.04987562)
(20 0 10.04987562)
(21 0 10.04987562)
(22 0 10.04987562)
(23 0 10.04987562)
(24 0 10.04987562)
(25 0 10.04987562)
(26 0 10.04987562)
(27 0 10.04987562)
(28 0 10.04987562)
(29 0 10.04987562)
(30 0 10.04987562)
(31 0 10.04987562)
(32 0 10.04987562)
(33 0 10.04987562)
(34 0 10.04987562)
(35 0 10.04987562)
(36 0 10.04987562)
(37 0 10.04987562)
(38 0 10.04987562)
(39 0 10.04987562)
(40 0 10.04987562)
(41 0 10.04987562)
(42 0 10.04987562)
(43 0 10.04987562)
(44 0 10.04987562)
(45 0 10.04987562)
(46 0 10.04987562)
(47 0 10.04987562)
(48 0 10.04987562)
(49 0 10.04987562)
(50 0 10.04987562)
(51 0 10.04987562)
(52 0 10.04987562)
(53 0 10.04987562)
(54 0 10.04987562)
(55 0 10.04987562)
(56 0 10.04987562)
(57 0 10.04987562)
(58 0 10.04987562)
(59 0 10.04987562)
(60 0 10.04987562)
(61 0 10.04987562)
(62 0 10.04987562)
(63 0 10.04987562)
(64 0 10.04987562)
(65 0 10.04987562)
(66 0 10.04987562)
(67 0 10.04987562)
(68 0 10.04987562)
(69 0 10.04987562)
(70 0 10.04987562)
(71 0 10.04987562)
(72 0 10.04987562)
(73 0 10.04987562)
(74 0 10.04987562)
(75 0 10.04987562)
(76 0 10.04987562)
(77 0 10.04987562)
(78 0 10.04987562)
(79 0 10.04987562)
(80 0 10.04987562)
(81 0 10.04987562)
(82 0 10.04987562)
(83 0 10.04987562)
(84 0 10.04987562)
(85 0 10.04987562)
(86 0 10.04987562)
(87 0 10.04987562)
(88 0 10.04987562)
(89 0 10.04987562)
(90 0 10.04987562)
(91 0 10.04987562)
(92 0 10.04987562)
(93 0 10.04987562)
(94 0 10.04987562)
(95 0 10.04987562)
(96 0 10.04987562)
(97 0 10.04987562)
(98 0 10.04987562)
(99 0 10.04987562)
(100 0 10.04987562)
(101 0 10.04987562)
(102 0 10.04987562)
(103 0 10.04987562)
(104 0 10.04987562)
(105 0 10.04987562)
(106 0 10.04987562)
(107 0 10.04987562)
(108 0 10.04987562)
(109 0 10.04987562)
(110 0 10.04987562)
(111 0 10.04987562)
(112 0 10.04987562)
(113 0 10.04987562)
(114 0 10.04987562)
(115 0 10.04987562)
(116 0 10.04987562)
(117 0 10.04987562)
(118 0 10.04987562)
(119 0 10.04987562)
(120 0 10.04987562)
(121 0 10.04987562)
(122 0 10.04987562)
(123 0 10.04987562)
(124 0 10.04987562)
(125 0 10.04987562)
(126 0 10.04987562)
(127 0 10.04987562)
(128 0 10.04987562)
(129 0 10.04987562)
(130 0 10.04987562)
(131 0 10.04987562)
(132 0 10.04987562)
(133 0 10.04987562)
(134 0 10.04987562)
(135 0 10.04987562)
(136 0 10.04987562)
(137 0 10.04987562)
(138 0 10.04987562)
(139 0 10.04987562)
(140 0 10.04987562)
(141 0 10.04987562)
(142 0 10.04987562)
(143 0 10.04987562)
(144 0 10.04987562)
(145 0 10.04987562)
(146 0 10.04987562)
(147 0 10.04987562)
(148 0 10.04987562)
(149 0 10.04987562)
(150 0 10.04987562)
(151 0 10.04987562)
(152 0 10.04987562)
(153 0 10.04987562)
(154 0 10.04987562)
(155 0 10.04987562)
(156 0 10.04987562)
(157 0 10.04987562)
(158 0 10.04987562)
(159 0 10.04987562)
(160 0 10.04987562)
(161 0 10.04987562)
(162 0 10.04987562)
(163 0 10.04987562)
(164 0 10.04987562)
(165 0 10.04987562)
(166 0 10.04987562)
(167 0 10.04987562)
(168 0 10.04987562)
(169 0 10.04987562)
(170 0 10.04987562)
(171 0 10.04987562)
(172 0 10.04987562)
(173 0 10.04987562)
(174 0 10.04987562)
(175 0 10.04987562)
(176 0 10.04987562)
(177 0 10.04987562)
(178 0 10.04987562)
(179 0 10.04987562)
(180 0 10.04987562)
(181 0 10.04987562)
(182 0 10.04987562)
(183 0 10.04987562)
(184 0 10.04987562)
(185 0 10.04987562)
(186 0 10.04987562)
(187 0 10.04987562)
(188 0 10.04987562)
(189 0 10.04987562)
(190 0 10.04987562)
(191 0 10.04987562)
(192 0 10.04987562)
(193 0 10.04987562)
(194 0 10.04987562)
(195 0 10.04987562)
(196 0 10.04987562)
(197 0 10.04987562)
(198 0 10.04987562)
(199 0 10.04987562)
(200 0 10.04987562)
(201 0 10.04987562)
(202 0 10.04987562)
(203 0 10.04987562)
(204 0 10.04987562)
(205 0 10.04987562)
(206 0 10.04987562)
(207 0 10.04987562)
(208 0 10.04987562)
(209 0 10.04987562)
(210 0 10.04987562)
(211 0 10.04987562)
(212 0 10.04987562)
(213 0 10.04987562)
(214 0 10.04987562)
(215 0 10.04987562)
(216 0 10.04987562)
(217 0 10.04987562)
(218 0 10.04987562)
(219 0 10.04987562)
(220 0 10.04987562)
(221 0 10.04987562)
(222 0 10.04987562)
(223 0 10.04987562)
(224 0 10.04987562)
(225 0 10.04987562)
(226 0 10.04987562)
(227 0 10.04987562)
(228 0 10.04987562)
(229 0 10.04987562)
(230 0 10.04987562)
(231 0 10.04987562)
(232 0 10.04987562)
(233 0 10.04987562)
(234 0 10.04987562)
(235 0 10.04987562)
(236 0 10.04987562)
(237 0 10.04987562)
(238 0 10.04987562)
(239 0 10.04987562)
(240 0 10.04987562)
(241 0 10.04987562)
(242 0 10.04987562)
(243 0 10.04987562)
(244 0 10.04987562)
(245 0 10.04987562)
(246 0 10.04987562)
(247 0 10.04987562)
(248 0 10.04987562)
(249 0 10.04987562)
(250 0 10.04987562)
(251 0 10.04987562)
(252 0 10.04987562)
(253 0 10.04987562)
(254 0 10.04987562)
(255 0 10.04987562)
(256 0 10.04987562)
(257 0 10.04987562)
(258 0 10.04987562)
(259 0 10.04987562)
(260 0 10.04987562)
(261 0 10.04987562)
(262 0 10.04987562)
(263 0 10.04987562)
(264 0 10.04987562)
(265 0 10.04987562)
(266 0 10.04987562)
(267 0 10.04987562)
(268 0 10.04987562)
(269 0 10.04987562)
(270 0 10.04987562)
(271 0 10.04987562)
(272 0 10.04987562)
(273 0 10.04987562)
(274 0 10.04987562)
(275 0 10.04987562)
(276 0 10.04987562)
(277 0 10.04987562)
(278 0 10.04987562)
(279 0 10.04987562)
(280 0 10.04987562)
(281 0 10.04987562)
(282 0 10.04987562)
(283 0 10.04987562)
(284 0 10.04987562)
(285 0 10.04987562)
(286 0 10.04987562)
(287 0 10.04987562)
(288 0 10.04987562)
(289 0 10.04987562)
(290 0 10.04987562)
(291 0 10.04987562)
(292 0 10.04987562)
(293 0 10.04987562)
(294 0 10.04987562)
(295 0 10.04987562)
(296 0 10.04987562)
(297 0 10.04987562)
(298 0 10.04987562)
(299 0 10.04987562)
(300 0 10.04987562)
(301 0 10.04987562)
(302 0 10.04987562)
(303 0 10.04987562)
(304 0 10.04987562)
(305 0 10.04987562)
(306 0 10.04987562)
(307 0 10.04987562)
(308 0 10.04987562)
(309 0 10.04987562)
(310 0 10.04987562)
(311 0 10.04987562)
(312 0 10.04987562)
(313 0 10.04987562)
(314 0 10.04987562)
(315 0 10.04987562)
(316 0 10.04987562)
(317 0 10.04987562)
(318 0 10.04987562)
(319 0 10.04987562)
(320 0 10.04987562)
(321 0 10.04987562)
(322 0 10.04987562)
(323 0 10.04987562)
(324 0 10.04987562)
(325 0 10.04987562)
(326 0 10.04987562)
(327 0 10.04987562)
(328 0 10.04987562)
(329 0 10.04987562)
(330 0 10.04987562)
(331 0 10.04987562)
(332 0 10.04987562)
(333 0 10.04987562)
(334 0 10.04987562)
(335 0 10.04987562)
(336 0 10.04987562)
(337 0 10.04987562)
(338 0 10.04987562)
(339 0 10.04987562)
(340 0 10.04987562)
(341 0 10.04987562)
(342 0 10.04987562)
(343 0 10.04987562)
(344 0 10.04987562)
(345 0 10.04987562)
(346 0 10.04987562)
(347 0 10.04987562)
(348 0 10.04987562)
(349 0 10.04987562)
(350 0 10.04987562)
(351 0 10.04987562)
(352 0 10.04987562)
(353 0 10.04987562)
(354 0 10.04987562)
(355 0 10.04987562)
(356 0 10.04987562)
(357 0 10.04987562)
(358 0 10.04987562)
(359 0 10.04987562)
(360 0 10.04987562)
(361 0 10.04987562)
(362 0 10.04987562)
(363 0 10.04987562)
(364 0 10.04987562)
(365 0 10.04987562)
(366 0 10.04987562)
(367 0 10.04987562)
(368 0 10.04987562)
(369 0 10.04987562)
(370 0 10.04987562)
(371 0 10.04987562)
(372 0 10.04987562)
(373 0 10.04987562)
(374 0 10.04987562)
(375 0 10.04987562)
(376 0 10.04987562)
(377 0 10.04987562)
(378 0 10.04987562)
(379 0 10.04987562)
(380 0 10.04987562)
(381 0 10.04987562)
(382 0 10.04987562)
(383 0 10.04987562)
(384 0 10.04987562)
(385 0 10.04987562)
(386 0 10.04987562)
(387 0 10.04987562)
(388 0 10.04987562)
(389 0 10.04987562)
(390 0 10.04987562)
(391 0 10.04987562)
(392 0 10.04987562)
(393 0 10.04987562)
(394 0 10.04987562)
(395 0 10.04987562)
(396 0 10.04987562)
(397 0 10.04987562)
(398 0 10.04987562)
(399 0 10.04987562)
(400 0 10.04987562)
(401 0 10.04987562)
(402 0 10.04987562)
(403 0 10.04987562)
(404 0 10.04987562)
(405 0 10.04987562)
(406 0 10.04987562)
(407 0 10.04987562)
(408 0 10.04987562)
(409 0 10.04987562)
(410 0 10.04987562)
(411 0 10.04987562)
(412 0 10.04987562)
(413 0 10.04987562)
(414 0 10.04987562)
(415 0 10.04987562)
(416 0 10.04987562)
(417 0 10.04987562)
(418 0 10.04987562)
(419 0 10.04987562)
(420 0 10.04987562)
(421 0 10.04987562)
(422 0 10.04987562)
(423 0 10.04987562)
(424 0 10.04987562)
(425 0 10.04987562)
(426 0 10.04987562)
(427 0 10.04987562)
(428 0 10.04987562)
(429 0 10.04987562)
(430 0 10.04987562)
(431 0 10.04987562)
(432 0 10.04987562)
(433 0 10.04987562)
(434 0 10.04987562)
(435 0 10.04987562)
(436 0 10.04987562)
(437 0 10.04987562)
(438 0 10.04987562)
(439 0 10.04987562)
(440 0 10.04987562)
(441 0 10.04987562)
(442 0 10.04987562)
(443 0 10.04987562)
(444 0 10.04987562)
(445 0 10.04987562)
(446 0 10.04987562)
(447 0 10.04987562)
(448 0 10.04987562)
(449 0 10.04987562)
(450 0 10.04987562)
(451 0 10.04987562)
(452 0 10.04987562)
(453 0 10.04987562)
(454 0 10.04987562)
(455 0 10.04987562)
(456 0 10.04987562)
(457 0 10.04987562)
(458 0 10.04987562)
(459 0 10.04987562)
(460 0 10.04987562)
(461 0 10.04987562)
(462 0 10.04987562)
(463 0 10.04987562)
(464 0 10.04987562)
(465 0 10.04987562)
(466 0 10.04987562)
(467 0 10.04987562)
(468 0 10.04987562)
(469 0 10.04987562)
(470 0 10.04987562)
(471 0 10.04987562)
(472 0 10.04987562)
(473 0 10.04987562)
(474 0 10.04987562)
(475 0 10.04987562)
(476 0 10.04987562)
(477 0 10.04987562)
(478 0 10.04987562)
(479 0 10.04987562)
(480 0 10.04987562)
(481 0 10.04987562)
(482 0 10.04987562)
(483 0 10.04987562)
(484 0 10.04987562)
(485 0 10.04987562)
(486 0 10.04987562)
(487 0 10.04987562)
(488 0 10.04987562)
(489 0 10.04987562)
(490 0 10.04987562)
(491 0 10.04987562)
(492 0 10.04987562)
(493 0 10.04987562)
(494 0 10.04987562)
(495 0 10.04987562)
(496 0 10.04987562)
(497 0 10.04987562)
(498 0 10.04987562)
(499 0 10.04987562)
(500 0 10.04987562)
(501 0 10.04987562)
(502 0 10.04987562)
(503 0 10.04987562)
(504 0 10.04987562)
(505 0 10.04987562)
(506 0 10.04987562)
(507 0 10.04987562)
(508 0 10.04987562)
(509 0 10.04987562)
(510 0 10.04987562)
(511 0 10.04987562)
(512 0 10.04987562)
(513 0 10.04987562)
(514 0 10.04987562)
(515 0 10.04987562)
(516 0 10.04987562)
(517 0 10.04987562)
(518 0 10.04987562)
(519 0 10.04987562)
(520 0 10.04987562)
(521 0 10.04987562)
(522 0 10.04987562)
(523 0 10.04987562)
(524 0 10.04987562)
(525 0 10.04987562)
(526 0 10.04987562)
(527 0 10.04987562)
(528 0 10.04987562)
(529 0 10.04987562)
(530 0 10.04987562)
(531 0 10.04987562)
(532 0 10.04987562)
(533 0 10.04987562)
(534 0 10.04987562)
(535 0 10.04987562)
(536 0 10.04987562)
(537 0 10.04987562)
(538 0 10.04987562)
(539 0 10.04987562)
(540 0 10.04987562)
(541 0 10.04987562)
(542 0 10.04987562)
(543 0 10.04987562)
(544 0 10.04987562)
(545 0 10.04987562)
(546 0 10.04987562)
(547 0 10.04987562)
(548 0 10.04987562)
(549 0 10.04987562)
(550 0 10.04987562)
(551 0 10.04987562)
(552 0 10.04987562)
(553 0 10.04987562)
(554 0 10.04987562)
(555 0 10.04987562)
(556 0 10.04987562)
(557 0 10.04987562)
(558 0 10.04987562)
(559 0 10.04987562)
(560 0 10.04987562)
(561 0 10.04987562)
(562 0 10.04987562)
(563 0 10.04987562)
(564 0 10.04987562)
(565 0 10.04987562)
(566 0 10.04987562)
(567 0 10.04987562)
(568 0 10.04987562)
(569 0 10.04987562)
(570 0 10.04987562)
(571 0 10.04987562)
(572 0 10.04987562)
(573 0 10.04987562)
(574 0 10.04987562)
(575 0 10.04987562)
(576 0 10.04987562)
(577 0 10.04987562)
(578 0 10.04987562)
(579 0 10.04987562)
(580 0 10.04987562)
(581 0 10.04987562)
(582 0 10.04987562)
(583 0 10.04987562)
(584 0 10.04987562)
(585 0 10.04987562)
(586 0 10.04987562)
(587 0 10.04987562)
(588 0 10.04987562)
(589 0 10.04987562)
(590 0 10.04987562)
(591 0 10.04987562)
(592 0 10.04987562)
(593 0 10.04987562)
(594 0 10.04987562)
(595 0 10.04987562)
(596 0 10.04987562)
(597 0 10.04987562)
(598 0 10.04987562)
(599 0 10.04987562)
(600 0 10.04987562)
(601 0 10.04987562)
(602 0 10.04987562)
(603 0 10.04987562)
(604 0 10.04987562)
(605 0 10.04987562)
(606 0 10.04987562)
(607 0 10.04987562)
(608 0 10.04987562)
(609 0 10.04987562)
(610 0 10.04987562)
(611 0 10.04987562)
(612 0 10.04987562)
(613 0 10.04987562)
(614 0 10.04987562)
(615 0 10.04987562)
(616 0 10.04987562)
(617 0 10.04987562)
(618 0 10.04987562)
(619 0 10.04987562)
(620 0 10.04987562)
(621 0 10.04987562)
(622 0 10.04987562)
(623 0 10.04987562)
(624 0 10.04987562)
(625 0 10.04987562)
(626 0 10.04987562)
(627 0 10.04987562)
(628 0 10.04987562)
(629 0 10.04987562)
(630 0 10.04987562)
(631 0 10.04987562)
(632 0 10.04987562)
(633 0 10.04987562)
(634 0 10.04987562)
(635 0 10.04987562)
(636 0 10.04987562)
(637 0 10.04987562)
(638 0 10.04987562)
(639 0 10.04987562)
(640 0 10.04987562)
(641 0 10.04987562)
(642 0 10.04987562)
(643 0 10.04987562)
(644 0 10.04987562)
(645 0 10.04987562)
(646 0 10.04987562)
(647 0 10.04987562)
(648 0 10.04987562)
(649 0 10.04987562)
(650 0 10.04987562)
(651 0 10.04987562)
(652 0 10.04987562)
(653 0 10.04987562)
(654 0 10.04987562)
(655 0 10.04987562)
(656 0 10.04987562)
(657 0 10.04987562)
(658 0 10.04987562)
(659 0 10.04987562)
(660 0 10.04987562)
(661 0 10.04987562)
(662 0 10.04987562)
(663 0 10.04987562)
(664 0 10.04987562)
(665 0 10.04987562)
(666 0 10.04987562)
(667 0 10.04987562)
(668 0 10.04987562)
(669 0 10.04987562)
(670 0 10.04987562)
(671 0 10.04987562)
(672 0 10.04987562)
(673 0 10.04987562)
(674 0 10.04987562)
(675 0 10.04987562)
(676 0 10.04987562)
(677 0 10.04987562)
(678 0 10.04987562)
(679 0 10.04987562)
(680 0 10.04987562)
(681 0 10.04987562)
(682 0 10.04987562)
(683 0 10.04987562)
(684 0 10.04987562)
(685 0 10.04987562)
(686 0 10.04987562)
(687 0 10.04987562)
(688 0 10.04987562)
(689 0 10.04987562)
(690 0 10.04987562)
(691 0 10.04987562)
(692 0 10.04987562)
(693 0 10.04987562)
(694 0 10.04987562)
(695 0 10.04987562)
(696 0 10.04987562)
(697 0 10.04987562)
(698 0 10.04987562)
(699 0 10.04987562)
(700 0 10.04987562)
(701 0 10.04987562)
(702 0 10.04987562)
(703 0 10.04987562)
(704 0 10.04987562)
(705 0 10.04987562)
(706 0 10.04987562)
(707 0 10.04987562)
(708 0 10.04987562)
(709 0 10.04987562)
(710 0 10.04987562)
(711 0 10.04987562)
(712 0 10.04987562)
(713 0 10.04987562)
(714 0 10.04987562)
(715 0 10.04987562)
(716 0 10.04987562)
(717 0 10.04987562)
(718 0 10.04987562)
(719 0 10.04987562)
(720 0 10.04987562)
(721 0 10.04987562)
(722 0 10.04987562)
(723 0 10.04987562)
(724 0 10.04987562)
(725 0 10.04987562)
(726 0 10.04987562)
(727 0 10.04987562)
(728 0 10.04987562)
(729 0 10.04987562)
(730 0 10.04987562)
(731 0 10.04987562)
(732 0 10.04987562)
(733 0 10.04987562)
(734 0 10.04987562)
(735 0 10.04987562)
(736 0 10.04987562)
(737 0 10.04987562)
(738 0 10.04987562)
(739 0 10.04987562)
(740 0 10.04987562)
(741 0 10.04987562)
(742 0 10.04987562)
(743 0 10.04987562)
(744 0 10.04987562)
(745 0 10.04987562)
(746 0 10.04987562)
(747 0 10.04987562)
(748 0 10.04987562)
(749 0 10.04987562)
(750 0 10.04987562)
(751 0 10.04987562)
(752 0 10.04987562)
(753 0 10.04987562)
(754 0 10.04987562)
(755 0 10.04987562)
(756 0 10.04987562)
(757 0 10.04987562)
(758 0 10.04987562)
(759 0 10.04987562)
(760 0 10.04987562)
(761 0 10.04987562)
(762 0 10.04987562)
(763 0 10.04987562)
(764 0 10.04987562)
(765 0 10.04987562)
(766 0 10.04987562)
(767 0 10.04987562)
(768 0 10.04987562)
(769 0 10.04987562)
(770 0 10.04987562)
(771 0 10.04987562)
(772 0 10.04987562)
(773 0 10.04987562)
(774 0 10.04987562)
(775 0 10.04987562)
(776 0 10.04987562)
(777 0 10.04987562)
(778 0 10.04987562)
(779 0 10.04987562)
(780 0 10.04987562)
(781 0 10.04987562)
(782 0 10.04987562)
(783 0 10.04987562)
(784 0 10.04987562)
(785 0 10.04987562)
(786 0 10.04987562)
(787 0 10.04987562)
(788 0 10.04987562)
(789 0 10.04987562)
(790 0 10.04987562)
(791 0 10.04987562)
(792 0 10.04987562)
(793 0 10.04987562)
(794 0 10.04987562)
(795 0 10.04987562)
(796 0 10.04987562)
(797 0 10.04987562)
(798 0 10.04987562)
(799 0 10.04987562)
(800 0 10.04987562)
(801 0 10.04987562)
(802 0 10.04987562)
(803 0 10.04987562)
(804 0 10.04987562)
(805 0 10.04987562)
(806 0 10.04987562)
(807 0 10.04987562)
(808 0 10.04987562)
(809 0 10.04987562)
(810 0 10.04987562)
(811 0 10.04987562)
(812 0 10.04987562)
(813 0 10.04987562)
(814 0 10.04987562)
(815 0 10.04987562)
(816 0 10.04987562)
(817 0 10.04987562)
(818 0 10.04987562)
(819 0 10.04987562)
(820 0 10.04987562)
(821 0 10.04987562)
(822 0 10.04987562)
(823 0 10.04987562)
(824 0 10.04987562)
(825 0 10.04987562)
(826 0 10.04987562)
(827 0 10.04987562)
(828 0 10.04987562)
(829 0 10.04987562)
(830 0 10.04987562)
(831 0 10.04987562)
(832 0 10.04987562)
(833 0 10.04987562)
(834 0 10.04987562)
(835 0 10.04987562)
(836 0 10.04987562)
(837 0 10.04987562)
(838 0 10.04987562)
(839 0 10.04987562)
(840 0 10.04987562)
(841 0 10.04987562)
(842 0 10.04987562)
(843 0 10.04987562)
(844 0 10.04987562)
(845 0 10.04987562)
(846 0 10.04987562)
(847 0 10.04987562)
(848 0 10.04987562)
(849 0 10.04987562)
(850 0 10.04987562)
(851 0 10.04987562)
(852 0 10.04987562)
(853 0 10.04987562)
(854 0 10.04987562)
(855 0 10.04987562)
(856 0 10.04987562)
(857 0 10.04987562)
(858 0 10.04987562)
(859 0 10.04987562)
(860 0 10.04987562)
(861 0 10.04987562)
(862 0 10.04987562)
(863 0 10.04987562)
(864 0 10.04987562)
(865 0 10.04987562)
(866 0 10.04987562)
(867 0 10.04987562)
(868 0 10.04987562)
(869 0 10.04987562)
(870 0 10.04987562)
(871 0 10.04987562)
(872 0 10.04987562)
(873 0 10.04987562)
(874 0 10.04987562)
(875 0 10.04987562)
(876 0 10.04987562)
(877 0 10.04987562)
(878 0 10.04987562)
(879 0 10.04987562)
(880 0 10.04987562)
(881 0 10.04987562)
(882 0 10.04987562)
(883 0 10.04987562)
(884 0 10.04987562)
(885 0 10.04987562)
(886 0 10.04987562)
(887 0 10.04987562)
(888 0 10.04987562)
(889 0 10.04987562)
(890 0 10.04987562)
(891 0 10.04987562)
(892 0 10.04987562)
(893 0 10.04987562)
(894 0 10.04987562)
(895 0 10.04987562)
(896 0 10.04987562)
(897 0 10.04987562)
(898 0 10.04987562)
(899 0 10.04987562)
(900 0 10.04987562)
(901 0 10.04987562)
(902 0 10.04987562)
(903 0 10.04987562)
(904 0 10.04987562)
(905 0 10.04987562)
(906 0 10.04987562)
(907 0 10.04987562)
(908 0 10.04987562)
(909 0 10.04987562)
(910 0 10.04987562)
(911 0 10.04987562)
(912 0 10.04987562)
(913 0 10.04987562)
(914 0 10.04987562)
(915 0 10.04987562)
(916 0 10.04987562)
(917 0 10.04987562)
(918 0 10.04987562)
(919 0 10.04987562)
(920 0 10.04987562)
(921 0 10.04987562)
(922 0 10.04987562)
(923 0 10.04987562)
(924 0 10.04987562)
(925 0 10.04987562)
(926 0 10.04987562)
(927 0 10.04987562)
(928 0 10.04987562)
(929 0 10.04987562)
(930 0 10.04987562)
(931 0 10.04987562)
(932 0 10.04987562)
(933 0 10.04987562)
(934 0 10.04987562)
(935 0 10.04987562)
(936 0 10.04987562)
(937 0 10.04987562)
(938 0 10.04987562)
(939 0 10.04987562)
(940 0 10.04987562)
(941 0 10.04987562)
(942 0 10.04987562)
(943 0 10.04987562)
(944 0 10.04987562)
(945 0 10.04987562)
(946 0 10.04987562)
(947 0 10.04987562)
(948 0 10.04987562)
(949 0 10.04987562)
(950 0 10.04987562)
(951 0 10.04987562)
(952 0 10.04987562)
(953 0 10.04987562)
(954 0 10.04987562)
(955 0 10.04987562)
(956 0 10.04987562)
(957 0 10.04987562)
(958 0 10.04987562)
(959 0 10.04987562)
(960 0 10.04987562)
(961 0 10.04987562)
(962 0 10.04987562)
(963 0 10.04987562)
(964 0 10.04987562)
(965 0 10.04987562)
(966 0 10.04987562)
(967 0 10.04987562)
(968 0 10.04987562)
(969 0 10.04987562)
(970 0 10.04987562)
(971 0 10.04987562)
(972 0 10.04987562)
(973 0 10.04987562)
(974 0 10.04987562)
(975 0 10.04987562)
(976 0 10.04987562)
(977 0 10.04987562)
(978 0 10.04987562)
(979 0 10.04987562)
(980 0 10.04987562)
(981 0 10.04987562)
(982 0 10.04987562)
(983 0 10.04987562)
(984 0 10.04987562)
(985 0 10.04987562)
(986 0 10.04987562)
(987 0 10.04987562)
(988 0 10.04987562)
(989 0 10.04987562)
(990 0 10.04987562)
(991 0 10.04987562)
(992 0 10.04987562)
(993 0 10.04987562)
(994 0 10.04987562)
(995 0 10.04987562)
(996 0 10.04987562)
(997 0 10.04987562)
(998 0 10.04987562)
(999 0 10.04987562)
(0 0 -10.04987562)
(1000 0 -10.04987562)
(1000 100 -10.04987562)
(0 100 -10.04987562)
(999 100 -10.04987562)
(998 100 -10.04987562)
(997 100 -10.04987562)
(996 100 -10.04987562)
(995 100 -10.04987562)
(994 100 -10.04987562)
(993 100 -10.04987562)
(992 100 -10.04987562)
(991 100 -10.04987562)
(990 100 -10.04987562)
(989 100 -10.04987562)
(988 100 -10.04987562)
(987 100 -10.04987562)
(986 100 -10.04987562)
(985 100 -10.04987562)
(984 100 -10.04987562)
(983 100 -10.04987562)
(982 100 -10.04987562)
(981 100 -10.04987562)
(980 100 -10.04987562)
(979 100 -10.04987562)
(978 100 -10.04987562)
(977 100 -10.04987562)
(976 100 -10.04987562)
(975 100 -10.04987562)
(974 100 -10.04987562)
(973 100 -10.04987562)
(972 100 -10.04987562)
(971 100 -10.04987562)
(970 100 -10.04987562)
(969 100 -10.04987562)
(968 100 -10.04987562)
(967 100 -10.04987562)
(966 100 -10.04987562)
(965 100 -10.04987562)
(964 100 -10.04987562)
(963 100 -10.04987562)
(962 100 -10.04987562)
(961 100 -10.04987562)
(960 100 -10.04987562)
(959 100 -10.04987562)
(958 100 -10.04987562)
(957 100 -10.04987562)
(956 100 -10.04987562)
(955 100 -10.04987562)
(954 100 -10.04987562)
(953 100 -10.04987562)
(952 100 -10.04987562)
(951 100 -10.04987562)
(950 100 -10.04987562)
(949 100 -10.04987562)
(948 100 -10.04987562)
(947 100 -10.04987562)
(946 100 -10.04987562)
(945 100 -10.04987562)
(944 100 -10.04987562)
(943 100 -10.04987562)
(942 100 -10.04987562)
(941 100 -10.04987562)
(940 100 -10.04987562)
(939 100 -10.04987562)
(938 100 -10.04987562)
(937 100 -10.04987562)
(936 100 -10.04987562)
(935 100 -10.04987562)
(934 100 -10.04987562)
(933 100 -10.04987562)
(932 100 -10.04987562)
(931 100 -10.04987562)
(930 100 -10.04987562)
(929 100 -10.04987562)
(928 100 -10.04987562)
(927 100 -10.04987562)
(926 100 -10.04987562)
(925 100 -10.04987562)
(924 100 -10.04987562)
(923 100 -10.04987562)
(922 100 -10.04987562)
(921 100 -10.04987562)
(920 100 -10.04987562)
(919 100 -10.04987562)
(918 100 -10.04987562)
(917 100 -10.04987562)
(916 100 -10.04987562)
(915 100 -10.04987562)
(914 100 -10.04987562)
(913 100 -10.04987562)
(912 100 -10.04987562)
(911 100 -10.04987562)
(910 100 -10.04987562)
(909 100 -10.04987562)
(908 100 -10.04987562)
(907 100 -10.04987562)
(906 100 -10.04987562)
(905 100 -10.04987562)
(904 100 -10.04987562)
(903 100 -10.04987562)
(902 100 -10.04987562)
(901 100 -10.04987562)
(900 100 -10.04987562)
(899 100 -10.04987562)
(898 100 -10.04987562)
(897 100 -10.04987562)
(896 100 -10.04987562)
(895 100 -10.04987562)
(894 100 -10.04987562)
(893 100 -10.04987562)
(892 100 -10.04987562)
(891 100 -10.04987562)
(890 100 -10.04987562)
(889 100 -10.04987562)
(888 100 -10.04987562)
(887 100 -10.04987562)
(886 100 -10.04987562)
(885 100 -10.04987562)
(884 100 -10.04987562)
(883 100 -10.04987562)
(882 100 -10.04987562)
(881 100 -10.04987562)
(880 100 -10.04987562)
(879 100 -10.04987562)
(878 100 -10.04987562)
(877 100 -10.04987562)
(876 100 -10.04987562)
(875 100 -10.04987562)
(874 100 -10.04987562)
(873 100 -10.04987562)
(872 100 -10.04987562)
(871 100 -10.04987562)
(870 100 -10.04987562)
(869 100 -10.04987562)
(868 100 -10.04987562)
(867 100 -10.04987562)
(866 100 -10.04987562)
(865 100 -10.04987562)
(864 100 -10.04987562)
(863 100 -10.04987562)
(862 100 -10.04987562)
(861 100 -10.04987562)
(860 100 -10.04987562)
(859 100 -10.04987562)
(858 100 -10.04987562)
(857 100 -10.04987562)
(856 100 -10.04987562)
(855 100 -10.04987562)
(854 100 -10.04987562)
(853 100 -10.04987562)
(852 100 -10.04987562)
(851 100 -10.04987562)
(850 100 -10.04987562)
(849 100 -10.04987562)
(848 100 -10.04987562)
(847 100 -10.04987562)
(846 100 -10.04987562)
(845 100 -10.04987562)
(844 100 -10.04987562)
(843 100 -10.04987562)
(842 100 -10.04987562)
(841 100 -10.04987562)
(840 100 -10.04987562)
(839 100 -10.04987562)
(838 100 -10.04987562)
(837 100 -10.04987562)
(836 100 -10.04987562)
(835 100 -10.04987562)
(834 100 -10.04987562)
(833 100 -10.04987562)
(832 100 -10.04987562)
(831 100 -10.04987562)
(830 100 -10.04987562)
(829 100 -10.04987562)
(828 100 -10.04987562)
(827 100 -10.04987562)
(826 100 -10.04987562)
(825 100 -10.04987562)
(824 100 -10.04987562)
(823 100 -10.04987562)
(822 100 -10.04987562)
(821 100 -10.04987562)
(820 100 -10.04987562)
(819 100 -10.04987562)
(818 100 -10.04987562)
(817 100 -10.04987562)
(816 100 -10.04987562)
(815 100 -10.04987562)
(814 100 -10.04987562)
(813 100 -10.04987562)
(812 100 -10.04987562)
(811 100 -10.04987562)
(810 100 -10.04987562)
(809 100 -10.04987562)
(808 100 -10.04987562)
(807 100 -10.04987562)
(806 100 -10.04987562)
(805 100 -10.04987562)
(804 100 -10.04987562)
(803 100 -10.04987562)
(802 100 -10.04987562)
(801 100 -10.04987562)
(800 100 -10.04987562)
(799 100 -10.04987562)
(798 100 -10.04987562)
(797 100 -10.04987562)
(796 100 -10.04987562)
(795 100 -10.04987562)
(794 100 -10.04987562)
(793 100 -10.04987562)
(792 100 -10.04987562)
(791 100 -10.04987562)
(790 100 -10.04987562)
(789 100 -10.04987562)
(788 100 -10.04987562)
(787 100 -10.04987562)
(786 100 -10.04987562)
(785 100 -10.04987562)
(784 100 -10.04987562)
(783 100 -10.04987562)
(782 100 -10.04987562)
(781 100 -10.04987562)
(780 100 -10.04987562)
(779 100 -10.04987562)
(778 100 -10.04987562)
(777 100 -10.04987562)
(776 100 -10.04987562)
(775 100 -10.04987562)
(774 100 -10.04987562)
(773 100 -10.04987562)
(772 100 -10.04987562)
(771 100 -10.04987562)
(770 100 -10.04987562)
(769 100 -10.04987562)
(768 100 -10.04987562)
(767 100 -10.04987562)
(766 100 -10.04987562)
(765 100 -10.04987562)
(764 100 -10.04987562)
(763 100 -10.04987562)
(762 100 -10.04987562)
(761 100 -10.04987562)
(760 100 -10.04987562)
(759 100 -10.04987562)
(758 100 -10.04987562)
(757 100 -10.04987562)
(756 100 -10.04987562)
(755 100 -10.04987562)
(754 100 -10.04987562)
(753 100 -10.04987562)
(752 100 -10.04987562)
(751 100 -10.04987562)
(750 100 -10.04987562)
(749 100 -10.04987562)
(748 100 -10.04987562)
(747 100 -10.04987562)
(746 100 -10.04987562)
(745 100 -10.04987562)
(744 100 -10.04987562)
(743 100 -10.04987562)
(742 100 -10.04987562)
(741 100 -10.04987562)
(740 100 -10.04987562)
(739 100 -10.04987562)
(738 100 -10.04987562)
(737 100 -10.04987562)
(736 100 -10.04987562)
(735 100 -10.04987562)
(734 100 -10.04987562)
(733 100 -10.04987562)
(732 100 -10.04987562)
(731 100 -10.04987562)
(730 100 -10.04987562)
(729 100 -10.04987562)
(728 100 -10.04987562)
(727 100 -10.04987562)
(726 100 -10.04987562)
(725 100 -10.04987562)
(724 100 -10.04987562)
(723 100 -10.04987562)
(722 100 -10.04987562)
(721 100 -10.04987562)
(720 100 -10.04987562)
(719 100 -10.04987562)
(718 100 -10.04987562)
(717 100 -10.04987562)
(716 100 -10.04987562)
(715 100 -10.04987562)
(714 100 -10.04987562)
(713 100 -10.04987562)
(712 100 -10.04987562)
(711 100 -10.04987562)
(710 100 -10.04987562)
(709 100 -10.04987562)
(708 100 -10.04987562)
(707 100 -10.04987562)
(706 100 -10.04987562)
(705 100 -10.04987562)
(704 100 -10.04987562)
(703 100 -10.04987562)
(702 100 -10.04987562)
(701 100 -10.04987562)
(700 100 -10.04987562)
(699 100 -10.04987562)
(698 100 -10.04987562)
(697 100 -10.04987562)
(696 100 -10.04987562)
(695 100 -10.04987562)
(694 100 -10.04987562)
(693 100 -10.04987562)
(692 100 -10.04987562)
(691 100 -10.04987562)
(690 100 -10.04987562)
(689 100 -10.04987562)
(688 100 -10.04987562)
(687 100 -10.04987562)
(686 100 -10.04987562)
(685 100 -10.04987562)
(684 100 -10.04987562)
(683 100 -10.04987562)
(682 100 -10.04987562)
(681 100 -10.04987562)
(680 100 -10.04987562)
(679 100 -10.04987562)
(678 100 -10.04987562)
(677 100 -10.04987562)
(676 100 -10.04987562)
(675 100 -10.04987562)
(674 100 -10.04987562)
(673 100 -10.04987562)
(672 100 -10.04987562)
(671 100 -10.04987562)
(670 100 -10.04987562)
(669 100 -10.04987562)
(668 100 -10.04987562)
(667 100 -10.04987562)
(666 100 -10.04987562)
(665 100 -10.04987562)
(664 100 -10.04987562)
(663 100 -10.04987562)
(662 100 -10.04987562)
(661 100 -10.04987562)
(660 100 -10.04987562)
(659 100 -10.04987562)
(658 100 -10.04987562)
(657 100 -10.04987562)
(656 100 -10.04987562)
(655 100 -10.04987562)
(654 100 -10.04987562)
(653 100 -10.04987562)
(652 100 -10.04987562)
(651 100 -10.04987562)
(650 100 -10.04987562)
(649 100 -10.04987562)
(648 100 -10.04987562)
(647 100 -10.04987562)
(646 100 -10.04987562)
(645 100 -10.04987562)
(644 100 -10.04987562)
(643 100 -10.04987562)
(642 100 -10.04987562)
(641 100 -10.04987562)
(640 100 -10.04987562)
(639 100 -10.04987562)
(638 100 -10.04987562)
(637 100 -10.04987562)
(636 100 -10.04987562)
(635 100 -10.04987562)
(634 100 -10.04987562)
(633 100 -10.04987562)
(632 100 -10.04987562)
(631 100 -10.04987562)
(630 100 -10.04987562)
(629 100 -10.04987562)
(628 100 -10.04987562)
(627 100 -10.04987562)
(626 100 -10.04987562)
(625 100 -10.04987562)
(624 100 -10.04987562)
(623 100 -10.04987562)
(622 100 -10.04987562)
(621 100 -10.04987562)
(620 100 -10.04987562)
(619 100 -10.04987562)
(618 100 -10.04987562)
(617 100 -10.04987562)
(616 100 -10.04987562)
(615 100 -10.04987562)
(614 100 -10.04987562)
(613 100 -10.04987562)
(612 100 -10.04987562)
(611 100 -10.04987562)
(610 100 -10.04987562)
(609 100 -10.04987562)
(608 100 -10.04987562)
(607 100 -10.04987562)
(606 100 -10.04987562)
(605 100 -10.04987562)
(604 100 -10.04987562)
(603 100 -10.04987562)
(602 100 -10.04987562)
(601 100 -10.04987562)
(600 100 -10.04987562)
(599 100 -10.04987562)
(598 100 -10.04987562)
(597 100 -10.04987562)
(596 100 -10.04987562)
(595 100 -10.04987562)
(594 100 -10.04987562)
(593 100 -10.04987562)
(592 100 -10.04987562)
(591 100 -10.04987562)
(590 100 -10.04987562)
(589 100 -10.04987562)
(588 100 -10.04987562)
(587 100 -10.04987562)
(586 100 -10.04987562)
(585 100 -10.04987562)
(584 100 -10.04987562)
(583 100 -10.04987562)
(582 100 -10.04987562)
(581 100 -10.04987562)
(580 100 -10.04987562)
(579 100 -10.04987562)
(578 100 -10.04987562)
(577 100 -10.04987562)
(576 100 -10.04987562)
(575 100 -10.04987562)
(574 100 -10.04987562)
(573 100 -10.04987562)
(572 100 -10.04987562)
(571 100 -10.04987562)
(570 100 -10.04987562)
(569 100 -10.04987562)
(568 100 -10.04987562)
(567 100 -10.04987562)
(566 100 -10.04987562)
(565 100 -10.04987562)
(564 100 -10.04987562)
(563 100 -10.04987562)
(562 100 -10.04987562)
(561 100 -10.04987562)
(560 100 -10.04987562)
(559 100 -10.04987562)
(558 100 -10.04987562)
(557 100 -10.04987562)
(556 100 -10.04987562)
(555 100 -10.04987562)
(554 100 -10.04987562)
(553 100 -10.04987562)
(552 100 -10.04987562)
(551 100 -10.04987562)
(550 100 -10.04987562)
(549 100 -10.04987562)
(548 100 -10.04987562)
(547 100 -10.04987562)
(546 100 -10.04987562)
(545 100 -10.04987562)
(544 100 -10.04987562)
(543 100 -10.04987562)
(542 100 -10.04987562)
(541 100 -10.04987562)
(540 100 -10.04987562)
(539 100 -10.04987562)
(538 100 -10.04987562)
(537 100 -10.04987562)
(536 100 -10.04987562)
(535 100 -10.04987562)
(534 100 -10.04987562)
(533 100 -10.04987562)
(532 100 -10.04987562)
(531 100 -10.04987562)
(530 100 -10.04987562)
(529 100 -10.04987562)
(528 100 -10.04987562)
(527 100 -10.04987562)
(526 100 -10.04987562)
(525 100 -10.04987562)
(524 100 -10.04987562)
(523 100 -10.04987562)
(522 100 -10.04987562)
(521 100 -10.04987562)
(520 100 -10.04987562)
(519 100 -10.04987562)
(518 100 -10.04987562)
(517 100 -10.04987562)
(516 100 -10.04987562)
(515 100 -10.04987562)
(514 100 -10.04987562)
(513 100 -10.04987562)
(512 100 -10.04987562)
(511 100 -10.04987562)
(510 100 -10.04987562)
(509 100 -10.04987562)
(508 100 -10.04987562)
(507 100 -10.04987562)
(506 100 -10.04987562)
(505 100 -10.04987562)
(504 100 -10.04987562)
(503 100 -10.04987562)
(502 100 -10.04987562)
(501 100 -10.04987562)
(500 100 -10.04987562)
(499 100 -10.04987562)
(498 100 -10.04987562)
(497 100 -10.04987562)
(496 100 -10.04987562)
(495 100 -10.04987562)
(494 100 -10.04987562)
(493 100 -10.04987562)
(492 100 -10.04987562)
(491 100 -10.04987562)
(490 100 -10.04987562)
(489 100 -10.04987562)
(488 100 -10.04987562)
(487 100 -10.04987562)
(486 100 -10.04987562)
(485 100 -10.04987562)
(484 100 -10.04987562)
(483 100 -10.04987562)
(482 100 -10.04987562)
(481 100 -10.04987562)
(480 100 -10.04987562)
(479 100 -10.04987562)
(478 100 -10.04987562)
(477 100 -10.04987562)
(476 100 -10.04987562)
(475 100 -10.04987562)
(474 100 -10.04987562)
(473 100 -10.04987562)
(472 100 -10.04987562)
(471 100 -10.04987562)
(470 100 -10.04987562)
(469 100 -10.04987562)
(468 100 -10.04987562)
(467 100 -10.04987562)
(466 100 -10.04987562)
(465 100 -10.04987562)
(464 100 -10.04987562)
(463 100 -10.04987562)
(462 100 -10.04987562)
(461 100 -10.04987562)
(460 100 -10.04987562)
(459 100 -10.04987562)
(458 100 -10.04987562)
(457 100 -10.04987562)
(456 100 -10.04987562)
(455 100 -10.04987562)
(454 100 -10.04987562)
(453 100 -10.04987562)
(452 100 -10.04987562)
(451 100 -10.04987562)
(450 100 -10.04987562)
(449 100 -10.04987562)
(448 100 -10.04987562)
(447 100 -10.04987562)
(446 100 -10.04987562)
(445 100 -10.04987562)
(444 100 -10.04987562)
(443 100 -10.04987562)
(442 100 -10.04987562)
(441 100 -10.04987562)
(440 100 -10.04987562)
(439 100 -10.04987562)
(438 100 -10.04987562)
(437 100 -10.04987562)
(436 100 -10.04987562)
(435 100 -10.04987562)
(434 100 -10.04987562)
(433 100 -10.04987562)
(432 100 -10.04987562)
(431 100 -10.04987562)
(430 100 -10.04987562)
(429 100 -10.04987562)
(428 100 -10.04987562)
(427 100 -10.04987562)
(426 100 -10.04987562)
(425 100 -10.04987562)
(424 100 -10.04987562)
(423 100 -10.04987562)
(422 100 -10.04987562)
(421 100 -10.04987562)
(420 100 -10.04987562)
(419 100 -10.04987562)
(418 100 -10.04987562)
(417 100 -10.04987562)
(416 100 -10.04987562)
(415 100 -10.04987562)
(414 100 -10.04987562)
(413 100 -10.04987562)
(412 100 -10.04987562)
(411 100 -10.04987562)
(410 100 -10.04987562)
(409 100 -10.04987562)
(408 100 -10.04987562)
(407 100 -10.04987562)
(406 100 -10.04987562)
(405 100 -10.04987562)
(404 100 -10.04987562)
(403 100 -10.04987562)
(402 100 -10.04987562)
(401 100 -10.04987562)
(400 100 -10.04987562)
(399 100 -10.04987562)
(398 100 -10.04987562)
(397 100 -10.04987562)
(396 100 -10.04987562)
(395 100 -10.04987562)
(394 100 -10.04987562)
(393 100 -10.04987562)
(392 100 -10.04987562)
(391 100 -10.04987562)
(390 100 -10.04987562)
(389 100 -10.04987562)
(388 100 -10.04987562)
(387 100 -10.04987562)
(386 100 -10.04987562)
(385 100 -10.04987562)
(384 100 -10.04987562)
(383 100 -10.04987562)
(382 100 -10.04987562)
(381 100 -10.04987562)
(380 100 -10.04987562)
(379 100 -10.04987562)
(378 100 -10.04987562)
(377 100 -10.04987562)
(376 100 -10.04987562)
(375 100 -10.04987562)
(374 100 -10.04987562)
(373 100 -10.04987562)
(372 100 -10.04987562)
(371 100 -10.04987562)
(370 100 -10.04987562)
(369 100 -10.04987562)
(368 100 -10.04987562)
(367 100 -10.04987562)
(366 100 -10.04987562)
(365 100 -10.04987562)
(364 100 -10.04987562)
(363 100 -10.04987562)
(362 100 -10.04987562)
(361 100 -10.04987562)
(360 100 -10.04987562)
(359 100 -10.04987562)
(358 100 -10.04987562)
(357 100 -10.04987562)
(356 100 -10.04987562)
(355 100 -10.04987562)
(354 100 -10.04987562)
(353 100 -10.04987562)
(352 100 -10.04987562)
(351 100 -10.04987562)
(350 100 -10.04987562)
(349 100 -10.04987562)
(348 100 -10.04987562)
(347 100 -10.04987562)
(346 100 -10.04987562)
(345 100 -10.04987562)
(344 100 -10.04987562)
(343 100 -10.04987562)
(342 100 -10.04987562)
(341 100 -10.04987562)
(340 100 -10.04987562)
(339 100 -10.04987562)
(338 100 -10.04987562)
(337 100 -10.04987562)
(336 100 -10.04987562)
(335 100 -10.04987562)
(334 100 -10.04987562)
(333 100 -10.04987562)
(332 100 -10.04987562)
(331 100 -10.04987562)
(330 100 -10.04987562)
(329 100 -10.04987562)
(328 100 -10.04987562)
(327 100 -10.04987562)
(326 100 -10.04987562)
(325 100 -10.04987562)
(324 100 -10.04987562)
(323 100 -10.04987562)
(322 100 -10.04987562)
(321 100 -10.04987562)
(320 100 -10.04987562)
(319 100 -10.04987562)
(318 100 -10.04987562)
(317 100 -10.04987562)
(316 100 -10.04987562)
(315 100 -10.04987562)
(314 100 -10.04987562)
(313 100 -10.04987562)
(312 100 -10.04987562)
(311 100 -10.04987562)
(310 100 -10.04987562)
(309 100 -10.04987562)
(308 100 -10.04987562)
(307 100 -10.04987562)
(306 100 -10.04987562)
(305 100 -10.04987562)
(304 100 -10.04987562)
(303 100 -10.04987562)
(302 100 -10.04987562)
(301 100 -10.04987562)
(300 100 -10.04987562)
(299 100 -10.04987562)
(298 100 -10.04987562)
(297 100 -10.04987562)
(296 100 -10.04987562)
(295 100 -10.04987562)
(294 100 -10.04987562)
(293 100 -10.04987562)
(292 100 -10.04987562)
(291 100 -10.04987562)
(290 100 -10.04987562)
(289 100 -10.04987562)
(288 100 -10.04987562)
(287 100 -10.04987562)
(286 100 -10.04987562)
(285 100 -10.04987562)
(284 100 -10.04987562)
(283 100 -10.04987562)
(282 100 -10.04987562)
(281 100 -10.04987562)
(280 100 -10.04987562)
(279 100 -10.04987562)
(278 100 -10.04987562)
(277 100 -10.04987562)
(276 100 -10.04987562)
(275 100 -10.04987562)
(274 100 -10.04987562)
(273 100 -10.04987562)
(272 100 -10.04987562)
(271 100 -10.04987562)
(270 100 -10.04987562)
(269 100 -10.04987562)
(268 100 -10.04987562)
(267 100 -10.04987562)
(266 100 -10.04987562)
(265 100 -10.04987562)
(264 100 -10.04987562)
(263 100 -10.04987562)
(262 100 -10.04987562)
(261 100 -10.04987562)
(260 100 -10.04987562)
(259 100 -10.04987562)
(258 100 -10.04987562)
(257 100 -10.04987562)
(256 100 -10.04987562)
(255 100 -10.04987562)
(254 100 -10.04987562)
(253 100 -10.04987562)
(252 100 -10.04987562)
(251 100 -10.04987562)
(250 100 -10.04987562)
(249 100 -10.04987562)
(248 100 -10.04987562)
(247 100 -10.04987562)
(246 100 -10.04987562)
(245 100 -10.04987562)
(244 100 -10.04987562)
(243 100 -10.04987562)
(242 100 -10.04987562)
(241 100 -10.04987562)
(240 100 -10.04987562)
(239 100 -10.04987562)
(238 100 -10.04987562)
(237 100 -10.04987562)
(236 100 -10.04987562)
(235 100 -10.04987562)
(234 100 -10.04987562)
(233 100 -10.04987562)
(232 100 -10.04987562)
(231 100 -10.04987562)
(230 100 -10.04987562)
(229 100 -10.04987562)
(228 100 -10.04987562)
(227 100 -10.04987562)
(226 100 -10.04987562)
(225 100 -10.04987562)
(224 100 -10.04987562)
(223 100 -10.04987562)
(222 100 -10.04987562)
(221 100 -10.04987562)
(220 100 -10.04987562)
(219 100 -10.04987562)
(218 100 -10.04987562)
(217 100 -10.04987562)
(216 100 -10.04987562)
(215 100 -10.04987562)
(214 100 -10.04987562)
(213 100 -10.04987562)
(212 100 -10.04987562)
(211 100 -10.04987562)
(210 100 -10.04987562)
(209 100 -10.04987562)
(208 100 -10.04987562)
(207 100 -10.04987562)
(206 100 -10.04987562)
(205 100 -10.04987562)
(204 100 -10.04987562)
(203 100 -10.04987562)
(202 100 -10.04987562)
(201 100 -10.04987562)
(200 100 -10.04987562)
(199 100 -10.04987562)
(198 100 -10.04987562)
(197 100 -10.04987562)
(196 100 -10.04987562)
(195 100 -10.04987562)
(194 100 -10.04987562)
(193 100 -10.04987562)
(192 100 -10.04987562)
(191 100 -10.04987562)
(190 100 -10.04987562)
(189 100 -10.04987562)
(188 100 -10.04987562)
(187 100 -10.04987562)
(186 100 -10.04987562)
(185 100 -10.04987562)
(184 100 -10.04987562)
(183 100 -10.04987562)
(182 100 -10.04987562)
(181 100 -10.04987562)
(180 100 -10.04987562)
(179 100 -10.04987562)
(178 100 -10.04987562)
(177 100 -10.04987562)
(176 100 -10.04987562)
(175 100 -10.04987562)
(174 100 -10.04987562)
(173 100 -10.04987562)
(172 100 -10.04987562)
(171 100 -10.04987562)
(170 100 -10.04987562)
(169 100 -10.04987562)
(168 100 -10.04987562)
(167 100 -10.04987562)
(166 100 -10.04987562)
(165 100 -10.04987562)
(164 100 -10.04987562)
(163 100 -10.04987562)
(162 100 -10.04987562)
(161 100 -10.04987562)
(160 100 -10.04987562)
(159 100 -10.04987562)
(158 100 -10.04987562)
(157 100 -10.04987562)
(156 100 -10.04987562)
(155 100 -10.04987562)
(154 100 -10.04987562)
(153 100 -10.04987562)
(152 100 -10.04987562)
(151 100 -10.04987562)
(150 100 -10.04987562)
(149 100 -10.04987562)
(148 100 -10.04987562)
(147 100 -10.04987562)
(146 100 -10.04987562)
(145 100 -10.04987562)
(144 100 -10.04987562)
(143 100 -10.04987562)
(142 100 -10.04987562)
(141 100 -10.04987562)
(140 100 -10.04987562)
(139 100 -10.04987562)
(138 100 -10.04987562)
(137 100 -10.04987562)
(136 100 -10.04987562)
(135 100 -10.04987562)
(134 100 -10.04987562)
(133 100 -10.04987562)
(132 100 -10.04987562)
(131 100 -10.04987562)
(130 100 -10.04987562)
(129 100 -10.04987562)
(128 100 -10.04987562)
(127 100 -10.04987562)
(126 100 -10.04987562)
(125 100 -10.04987562)
(124 100 -10.04987562)
(123 100 -10.04987562)
(122 100 -10.04987562)
(121 100 -10.04987562)
(120 100 -10.04987562)
(119 100 -10.04987562)
(118 100 -10.04987562)
(117 100 -10.04987562)
(116 100 -10.04987562)
(115 100 -10.04987562)
(114 100 -10.04987562)
(113 100 -10.04987562)
(112 100 -10.04987562)
(111 100 -10.04987562)
(110 100 -10.04987562)
(109 100 -10.04987562)
(108 100 -10.04987562)
(107 100 -10.04987562)
(106 100 -10.04987562)
(105 100 -10.04987562)
(104 100 -10.04987562)
(103 100 -10.04987562)
(102 100 -10.04987562)
(101 100 -10.04987562)
(100 100 -10.04987562)
(99 100 -10.04987562)
(98 100 -10.04987562)
(97 100 -10.04987562)
(96 100 -10.04987562)
(95 100 -10.04987562)
(94 100 -10.04987562)
(93 100 -10.04987562)
(92 100 -10.04987562)
(91 100 -10.04987562)
(90 100 -10.04987562)
(89 100 -10.04987562)
(88 100 -10.04987562)
(87 100 -10.04987562)
(86 100 -10.04987562)
(85 100 -10.04987562)
(84 100 -10.04987562)
(83 100 -10.04987562)
(82 100 -10.04987562)
(81 100 -10.04987562)
(80 100 -10.04987562)
(79 100 -10.04987562)
(78 100 -10.04987562)
(77 100 -10.04987562)
(76 100 -10.04987562)
(75 100 -10.04987562)
(74 100 -10.04987562)
(73 100 -10.04987562)
(72 100 -10.04987562)
(71 100 -10.04987562)
(70 100 -10.04987562)
(69 100 -10.04987562)
(68 100 -10.04987562)
(67 100 -10.04987562)
(66 100 -10.04987562)
(65 100 -10.04987562)
(64 100 -10.04987562)
(63 100 -10.04987562)
(62 100 -10.04987562)
(61 100 -10.04987562)
(60 100 -10.04987562)
(59 100 -10.04987562)
(58 100 -10.04987562)
(57 100 -10.04987562)
(56 100 -10.04987562)
(55 100 -10.04987562)
(54 100 -10.04987562)
(53 100 -10.04987562)
(52 100 -10.04987562)
(51 100 -10.04987562)
(50 100 -10.04987562)
(49 100 -10.04987562)
(48 100 -10.04987562)
(47 100 -10.04987562)
(46 100 -10.04987562)
(45 100 -10.04987562)
(44 100 -10.04987562)
(43 100 -10.04987562)
(42 100 -10.04987562)
(41 100 -10.04987562)
(40 100 -10.04987562)
(39 100 -10.04987562)
(38 100 -10.04987562)
(37 100 -10.04987562)
(36 100 -10.04987562)
(35 100 -10.04987562)
(34 100 -10.04987562)
(33 100 -10.04987562)
(32 100 -10.04987562)
(31 100 -10.04987562)
(30 100 -10.04987562)
(29 100 -10.04987562)
(28 100 -10.04987562)
(27 100 -10.04987562)
(26 100 -10.04987562)
(25 100 -10.04987562)
(24 100 -10.04987562)
(23 100 -10.04987562)
(22 100 -10.04987562)
(21 100 -10.04987562)
(20 100 -10.04987562)
(19 100 -10.04987562)
(18 100 -10.04987562)
(17 100 -10.04987562)
(16 100 -10.04987562)
(15 100 -10.04987562)
(14 100 -10.04987562)
(13 100 -10.04987562)
(12 100 -10.04987562)
(11 100 -10.04987562)
(10 100 -10.04987562)
(9 100 -10.04987562)
(8 100 -10.04987562)
(7 100 -10.04987562)
(6 100 -10.04987562)
(5 100 -10.04987562)
(4 100 -10.04987562)
(3 100 -10.04987562)
(2 100 -10.04987562)
(1 100 -10.04987562)
(1 0 -10.04987562)
(2 0 -10.04987562)
(3 0 -10.04987562)
(4 0 -10.04987562)
(5 0 -10.04987562)
(6 0 -10.04987562)
(7 0 -10.04987562)
(8 0 -10.04987562)
(9 0 -10.04987562)
(10 0 -10.04987562)
(11 0 -10.04987562)
(12 0 -10.04987562)
(13 0 -10.04987562)
(14 0 -10.04987562)
(15 0 -10.04987562)
(16 0 -10.04987562)
(17 0 -10.04987562)
(18 0 -10.04987562)
(19 0 -10.04987562)
(20 0 -10.04987562)
(21 0 -10.04987562)
(22 0 -10.04987562)
(23 0 -10.04987562)
(24 0 -10.04987562)
(25 0 -10.04987562)
(26 0 -10.04987562)
(27 0 -10.04987562)
(28 0 -10.04987562)
(29 0 -10.04987562)
(30 0 -10.04987562)
(31 0 -10.04987562)
(32 0 -10.04987562)
(33 0 -10.04987562)
(34 0 -10.04987562)
(35 0 -10.04987562)
(36 0 -10.04987562)
(37 0 -10.04987562)
(38 0 -10.04987562)
(39 0 -10.04987562)
(40 0 -10.04987562)
(41 0 -10.04987562)
(42 0 -10.04987562)
(43 0 -10.04987562)
(44 0 -10.04987562)
(45 0 -10.04987562)
(46 0 -10.04987562)
(47 0 -10.04987562)
(48 0 -10.04987562)
(49 0 -10.04987562)
(50 0 -10.04987562)
(51 0 -10.04987562)
(52 0 -10.04987562)
(53 0 -10.04987562)
(54 0 -10.04987562)
(55 0 -10.04987562)
(56 0 -10.04987562)
(57 0 -10.04987562)
(58 0 -10.04987562)
(59 0 -10.04987562)
(60 0 -10.04987562)
(61 0 -10.04987562)
(62 0 -10.04987562)
(63 0 -10.04987562)
(64 0 -10.04987562)
(65 0 -10.04987562)
(66 0 -10.04987562)
(67 0 -10.04987562)
(68 0 -10.04987562)
(69 0 -10.04987562)
(70 0 -10.04987562)
(71 0 -10.04987562)
(72 0 -10.04987562)
(73 0 -10.04987562)
(74 0 -10.04987562)
(75 0 -10.04987562)
(76 0 -10.04987562)
(77 0 -10.04987562)
(78 0 -10.04987562)
(79 0 -10.04987562)
(80 0 -10.04987562)
(81 0 -10.04987562)
(82 0 -10.04987562)
(83 0 -10.04987562)
(84 0 -10.04987562)
(85 0 -10.04987562)
(86 0 -10.04987562)
(87 0 -10.04987562)
(88 0 -10.04987562)
(89 0 -10.04987562)
(90 0 -10.04987562)
(91 0 -10.04987562)
(92 0 -10.04987562)
(93 0 -10.04987562)
(94 0 -10.04987562)
(95 0 -10.04987562)
(96 0 -10.04987562)
(97 0 -10.04987562)
(98 0 -10.04987562)
(99 0 -10.04987562)
(100 0 -10.04987562)
(101 0 -10.04987562)
(102 0 -10.04987562)
(103 0 -10.04987562)
(104 0 -10.04987562)
(105 0 -10.04987562)
(106 0 -10.04987562)
(107 0 -10.04987562)
(108 0 -10.04987562)
(109 0 -10.04987562)
(110 0 -10.04987562)
(111 0 -10.04987562)
(112 0 -10.04987562)
(113 0 -10.04987562)
(114 0 -10.04987562)
(115 0 -10.04987562)
(116 0 -10.04987562)
(117 0 -10.04987562)
(118 0 -10.04987562)
(119 0 -10.04987562)
(120 0 -10.04987562)
(121 0 -10.04987562)
(122 0 -10.04987562)
(123 0 -10.04987562)
(124 0 -10.04987562)
(125 0 -10.04987562)
(126 0 -10.04987562)
(127 0 -10.04987562)
(128 0 -10.04987562)
(129 0 -10.04987562)
(130 0 -10.04987562)
(131 0 -10.04987562)
(132 0 -10.04987562)
(133 0 -10.04987562)
(134 0 -10.04987562)
(135 0 -10.04987562)
(136 0 -10.04987562)
(137 0 -10.04987562)
(138 0 -10.04987562)
(139 0 -10.04987562)
(140 0 -10.04987562)
(141 0 -10.04987562)
(142 0 -10.04987562)
(143 0 -10.04987562)
(144 0 -10.04987562)
(145 0 -10.04987562)
(146 0 -10.04987562)
(147 0 -10.04987562)
(148 0 -10.04987562)
(149 0 -10.04987562)
(150 0 -10.04987562)
(151 0 -10.04987562)
(152 0 -10.04987562)
(153 0 -10.04987562)
(154 0 -10.04987562)
(155 0 -10.04987562)
(156 0 -10.04987562)
(157 0 -10.04987562)
(158 0 -10.04987562)
(159 0 -10.04987562)
(160 0 -10.04987562)
(161 0 -10.04987562)
(162 0 -10.04987562)
(163 0 -10.04987562)
(164 0 -10.04987562)
(165 0 -10.04987562)
(166 0 -10.04987562)
(167 0 -10.04987562)
(168 0 -10.04987562)
(169 0 -10.04987562)
(170 0 -10.04987562)
(171 0 -10.04987562)
(172 0 -10.04987562)
(173 0 -10.04987562)
(174 0 -10.04987562)
(175 0 -10.04987562)
(176 0 -10.04987562)
(177 0 -10.04987562)
(178 0 -10.04987562)
(179 0 -10.04987562)
(180 0 -10.04987562)
(181 0 -10.04987562)
(182 0 -10.04987562)
(183 0 -10.04987562)
(184 0 -10.04987562)
(185 0 -10.04987562)
(186 0 -10.04987562)
(187 0 -10.04987562)
(188 0 -10.04987562)
(189 0 -10.04987562)
(190 0 -10.04987562)
(191 0 -10.04987562)
(192 0 -10.04987562)
(193 0 -10.04987562)
(194 0 -10.04987562)
(195 0 -10.04987562)
(196 0 -10.04987562)
(197 0 -10.04987562)
(198 0 -10.04987562)
(199 0 -10.04987562)
(200 0 -10.04987562)
(201 0 -10.04987562)
(202 0 -10.04987562)
(203 0 -10.04987562)
(204 0 -10.04987562)
(205 0 -10.04987562)
(206 0 -10.04987562)
(207 0 -10.04987562)
(208 0 -10.04987562)
(209 0 -10.04987562)
(210 0 -10.04987562)
(211 0 -10.04987562)
(212 0 -10.04987562)
(213 0 -10.04987562)
(214 0 -10.04987562)
(215 0 -10.04987562)
(216 0 -10.04987562)
(217 0 -10.04987562)
(218 0 -10.04987562)
(219 0 -10.04987562)
(220 0 -10.04987562)
(221 0 -10.04987562)
(222 0 -10.04987562)
(223 0 -10.04987562)
(224 0 -10.04987562)
(225 0 -10.04987562)
(226 0 -10.04987562)
(227 0 -10.04987562)
(228 0 -10.04987562)
(229 0 -10.04987562)
(230 0 -10.04987562)
(231 0 -10.04987562)
(232 0 -10.04987562)
(233 0 -10.04987562)
(234 0 -10.04987562)
(235 0 -10.04987562)
(236 0 -10.04987562)
(237 0 -10.04987562)
(238 0 -10.04987562)
(239 0 -10.04987562)
(240 0 -10.04987562)
(241 0 -10.04987562)
(242 0 -10.04987562)
(243 0 -10.04987562)
(244 0 -10.04987562)
(245 0 -10.04987562)
(246 0 -10.04987562)
(247 0 -10.04987562)
(248 0 -10.04987562)
(249 0 -10.04987562)
(250 0 -10.04987562)
(251 0 -10.04987562)
(252 0 -10.04987562)
(253 0 -10.04987562)
(254 0 -10.04987562)
(255 0 -10.04987562)
(256 0 -10.04987562)
(257 0 -10.04987562)
(258 0 -10.04987562)
(259 0 -10.04987562)
(260 0 -10.04987562)
(261 0 -10.04987562)
(262 0 -10.04987562)
(263 0 -10.04987562)
(264 0 -10.04987562)
(265 0 -10.04987562)
(266 0 -10.04987562)
(267 0 -10.04987562)
(268 0 -10.04987562)
(269 0 -10.04987562)
(270 0 -10.04987562)
(271 0 -10.04987562)
(272 0 -10.04987562)
(273 0 -10.04987562)
(274 0 -10.04987562)
(275 0 -10.04987562)
(276 0 -10.04987562)
(277 0 -10.04987562)
(278 0 -10.04987562)
(279 0 -10.04987562)
(280 0 -10.04987562)
(281 0 -10.04987562)
(282 0 -10.04987562)
(283 0 -10.04987562)
(284 0 -10.04987562)
(285 0 -10.04987562)
(286 0 -10.04987562)
(287 0 -10.04987562)
(288 0 -10.04987562)
(289 0 -10.04987562)
(290 0 -10.04987562)
(291 0 -10.04987562)
(292 0 -10.04987562)
(293 0 -10.04987562)
(294 0 -10.04987562)
(295 0 -10.04987562)
(296 0 -10.04987562)
(297 0 -10.04987562)
(298 0 -10.04987562)
(299 0 -10.04987562)
(300 0 -10.04987562)
(301 0 -10.04987562)
(302 0 -10.04987562)
(303 0 -10.04987562)
(304 0 -10.04987562)
(305 0 -10.04987562)
(306 0 -10.04987562)
(307 0 -10.04987562)
(308 0 -10.04987562)
(309 0 -10.04987562)
(310 0 -10.04987562)
(311 0 -10.04987562)
(312 0 -10.04987562)
(313 0 -10.04987562)
(314 0 -10.04987562)
(315 0 -10.04987562)
(316 0 -10.04987562)
(317 0 -10.04987562)
(318 0 -10.04987562)
(319 0 -10.04987562)
(320 0 -10.04987562)
(321 0 -10.04987562)
(322 0 -10.04987562)
(323 0 -10.04987562)
(324 0 -10.04987562)
(325 0 -10.04987562)
(326 0 -10.04987562)
(327 0 -10.04987562)
(328 0 -10.04987562)
(329 0 -10.04987562)
(330 0 -10.04987562)
(331 0 -10.04987562)
(332 0 -10.04987562)
(333 0 -10.04987562)
(334 0 -10.04987562)
(335 0 -10.04987562)
(336 0 -10.04987562)
(337 0 -10.04987562)
(338 0 -10.04987562)
(339 0 -10.04987562)
(340 0 -10.04987562)
(341 0 -10.04987562)
(342 0 -10.04987562)
(343 0 -10.04987562)
(344 0 -10.04987562)
(345 0 -10.04987562)
(346 0 -10.04987562)
(347 0 -10.04987562)
(348 0 -10.04987562)
(349 0 -10.04987562)
(350 0 -10.04987562)
(351 0 -10.04987562)
(352 0 -10.04987562)
(353 0 -10.04987562)
(354 0 -10.04987562)
(355 0 -10.04987562)
(356 0 -10.04987562)
(357 0 -10.04987562)
(358 0 -10.04987562)
(359 0 -10.04987562)
(360 0 -10.04987562)
(361 0 -10.04987562)
(362 0 -10.04987562)
(363 0 -10.04987562)
(364 0 -10.04987562)
(365 0 -10.04987562)
(366 0 -10.04987562)
(367 0 -10.04987562)
(368 0 -10.04987562)
(369 0 -10.04987562)
(370 0 -10.04987562)
(371 0 -10.04987562)
(372 0 -10.04987562)
(373 0 -10.04987562)
(374 0 -10.04987562)
(375 0 -10.04987562)
(376 0 -10.04987562)
(377 0 -10.04987562)
(378 0 -10.04987562)
(379 0 -10.04987562)
(380 0 -10.04987562)
(381 0 -10.04987562)
(382 0 -10.04987562)
(383 0 -10.04987562)
(384 0 -10.04987562)
(385 0 -10.04987562)
(386 0 -10.04987562)
(387 0 -10.04987562)
(388 0 -10.04987562)
(389 0 -10.04987562)
(390 0 -10.04987562)
(391 0 -10.04987562)
(392 0 -10.04987562)
(393 0 -10.04987562)
(394 0 -10.04987562)
(395 0 -10.04987562)
(396 0 -10.04987562)
(397 0 -10.04987562)
(398 0 -10.04987562)
(399 0 -10.04987562)
(400 0 -10.04987562)
(401 0 -10.04987562)
(402 0 -10.04987562)
(403 0 -10.04987562)
(404 0 -10.04987562)
(405 0 -10.04987562)
(406 0 -10.04987562)
(407 0 -10.04987562)
(408 0 -10.04987562)
(409 0 -10.04987562)
(410 0 -10.04987562)
(411 0 -10.04987562)
(412 0 -10.04987562)
(413 0 -10.04987562)
(414 0 -10.04987562)
(415 0 -10.04987562)
(416 0 -10.04987562)
(417 0 -10.04987562)
(418 0 -10.04987562)
(419 0 -10.04987562)
(420 0 -10.04987562)
(421 0 -10.04987562)
(422 0 -10.04987562)
(423 0 -10.04987562)
(424 0 -10.04987562)
(425 0 -10.04987562)
(426 0 -10.04987562)
(427 0 -10.04987562)
(428 0 -10.04987562)
(429 0 -10.04987562)
(430 0 -10.04987562)
(431 0 -10.04987562)
(432 0 -10.04987562)
(433 0 -10.04987562)
(434 0 -10.04987562)
(435 0 -10.04987562)
(436 0 -10.04987562)
(437 0 -10.04987562)
(438 0 -10.04987562)
(439 0 -10.04987562)
(440 0 -10.04987562)
(441 0 -10.04987562)
(442 0 -10.04987562)
(443 0 -10.04987562)
(444 0 -10.04987562)
(445 0 -10.04987562)
(446 0 -10.04987562)
(447 0 -10.04987562)
(448 0 -10.04987562)
(449 0 -10.04987562)
(450 0 -10.04987562)
(451 0 -10.04987562)
(452 0 -10.04987562)
(453 0 -10.04987562)
(454 0 -10.04987562)
(455 0 -10.04987562)
(456 0 -10.04987562)
(457 0 -10.04987562)
(458 0 -10.04987562)
(459 0 -10.04987562)
(460 0 -10.04987562)
(461 0 -10.04987562)
(462 0 -10.04987562)
(463 0 -10.04987562)
(464 0 -10.04987562)
(465 0 -10.04987562)
(466 0 -10.04987562)
(467 0 -10.04987562)
(468 0 -10.04987562)
(469 0 -10.04987562)
(470 0 -10.04987562)
(471 0 -10.04987562)
(472 0 -10.04987562)
(473 0 -10.04987562)
(474 0 -10.04987562)
(475 0 -10.04987562)
(476 0 -10.04987562)
(477 0 -10.04987562)
(478 0 -10.04987562)
(479 0 -10.04987562)
(480 0 -10.04987562)
(481 0 -10.04987562)
(482 0 -10.04987562)
(483 0 -10.04987562)
(484 0 -10.04987562)
(485 0 -10.04987562)
(486 0 -10.04987562)
(487 0 -10.04987562)
(488 0 -10.04987562)
(489 0 -10.04987562)
(490 0 -10.04987562)
(491 0 -10.04987562)
(492 0 -10.04987562)
(493 0 -10.04987562)
(494 0 -10.04987562)
(495 0 -10.04987562)
(496 0 -10.04987562)
(497 0 -10.04987562)
(498 0 -10.04987562)
(499 0 -10.04987562)
(500 0 -10.04987562)
(501 0 -10.04987562)
(502 0 -10.04987562)
(503 0 -10.04987562)
(504 0 -10.04987562)
(505 0 -10.04987562)
(506 0 -10.04987562)
(507 0 -10.04987562)
(508 0 -10.04987562)
(509 0 -10.04987562)
(510 0 -10.04987562)
(511 0 -10.04987562)
(512 0 -10.04987562)
(513 0 -10.04987562)
(514 0 -10.04987562)
(515 0 -10.04987562)
(516 0 -10.04987562)
(517 0 -10.04987562)
(518 0 -10.04987562)
(519 0 -10.04987562)
(520 0 -10.04987562)
(521 0 -10.04987562)
(522 0 -10.04987562)
(523 0 -10.04987562)
(524 0 -10.04987562)
(525 0 -10.04987562)
(526 0 -10.04987562)
(527 0 -10.04987562)
(528 0 -10.04987562)
(529 0 -10.04987562)
(530 0 -10.04987562)
(531 0 -10.04987562)
(532 0 -10.04987562)
(533 0 -10.04987562)
(534 0 -10.04987562)
(535 0 -10.04987562)
(536 0 -10.04987562)
(537 0 -10.04987562)
(538 0 -10.04987562)
(539 0 -10.04987562)
(540 0 -10.04987562)
(541 0 -10.04987562)
(542 0 -10.04987562)
(543 0 -10.04987562)
(544 0 -10.04987562)
(545 0 -10.04987562)
(546 0 -10.04987562)
(547 0 -10.04987562)
(548 0 -10.04987562)
(549 0 -10.04987562)
(550 0 -10.04987562)
(551 0 -10.04987562)
(552 0 -10.04987562)
(553 0 -10.04987562)
(554 0 -10.04987562)
(555 0 -10.04987562)
(556 0 -10.04987562)
(557 0 -10.04987562)
(558 0 -10.04987562)
(559 0 -10.04987562)
(560 0 -10.04987562)
(561 0 -10.04987562)
(562 0 -10.04987562)
(563 0 -10.04987562)
(564 0 -10.04987562)
(565 0 -10.04987562)
(566 0 -10.04987562)
(567 0 -10.04987562)
(568 0 -10.04987562)
(569 0 -10.04987562)
(570 0 -10.04987562)
(571 0 -10.04987562)
(572 0 -10.04987562)
(573 0 -10.04987562)
(574 0 -10.04987562)
(575 0 -10.04987562)
(576 0 -10.04987562)
(577 0 -10.04987562)
(578 0 -10.04987562)
(579 0 -10.04987562)
(580 0 -10.04987562)
(581 0 -10.04987562)
(582 0 -10.04987562)
(583 0 -10.04987562)
(584 0 -10.04987562)
(585 0 -10.04987562)
(586 0 -10.04987562)
(587 0 -10.04987562)
(588 0 -10.04987562)
(589 0 -10.04987562)
(590 0 -10.04987562)
(591 0 -10.04987562)
(592 0 -10.04987562)
(593 0 -10.04987562)
(594 0 -10.04987562)
(595 0 -10.04987562)
(596 0 -10.04987562)
(597 0 -10.04987562)
(598 0 -10.04987562)
(599 0 -10.04987562)
(600 0 -10.04987562)
(601 0 -10.04987562)
(602 0 -10.04987562)
(603 0 -10.04987562)
(604 0 -10.04987562)
(605 0 -10.04987562)
(606 0 -10.04987562)
(607 0 -10.04987562)
(608 0 -10.04987562)
(609 0 -10.04987562)
(610 0 -10.04987562)
(611 0 -10.04987562)
(612 0 -10.04987562)
(613 0 -10.04987562)
(614 0 -10.04987562)
(615 0 -10.04987562)
(616 0 -10.04987562)
(617 0 -10.04987562)
(618 0 -10.04987562)
(619 0 -10.04987562)
(620 0 -10.04987562)
(621 0 -10.04987562)
(622 0 -10.04987562)
(623 0 -10.04987562)
(624 0 -10.04987562)
(625 0 -10.04987562)
(626 0 -10.04987562)
(627 0 -10.04987562)
(628 0 -10.04987562)
(629 0 -10.04987562)
(630 0 -10.04987562)
(631 0 -10.04987562)
(632 0 -10.04987562)
(633 0 -10.04987562)
(634 0 -10.04987562)
(635 0 -10.04987562)
(636 0 -10.04987562)
(637 0 -10.04987562)
(638 0 -10.04987562)
(639 0 -10.04987562)
(640 0 -10.04987562)
(641 0 -10.04987562)
(642 0 -10.04987562)
(643 0 -10.04987562)
(644 0 -10.04987562)
(645 0 -10.04987562)
(646 0 -10.04987562)
(647 0 -10.04987562)
(648 0 -10.04987562)
(649 0 -10.04987562)
(650 0 -10.04987562)
(651 0 -10.04987562)
(652 0 -10.04987562)
(653 0 -10.04987562)
(654 0 -10.04987562)
(655 0 -10.04987562)
(656 0 -10.04987562)
(657 0 -10.04987562)
(658 0 -10.04987562)
(659 0 -10.04987562)
(660 0 -10.04987562)
(661 0 -10.04987562)
(662 0 -10.04987562)
(663 0 -10.04987562)
(664 0 -10.04987562)
(665 0 -10.04987562)
(666 0 -10.04987562)
(667 0 -10.04987562)
(668 0 -10.04987562)
(669 0 -10.04987562)
(670 0 -10.04987562)
(671 0 -10.04987562)
(672 0 -10.04987562)
(673 0 -10.04987562)
(674 0 -10.04987562)
(675 0 -10.04987562)
(676 0 -10.04987562)
(677 0 -10.04987562)
(678 0 -10.04987562)
(679 0 -10.04987562)
(680 0 -10.04987562)
(681 0 -10.04987562)
(682 0 -10.04987562)
(683 0 -10.04987562)
(684 0 -10.04987562)
(685 0 -10.04987562)
(686 0 -10.04987562)
(687 0 -10.04987562)
(688 0 -10.04987562)
(689 0 -10.04987562)
(690 0 -10.04987562)
(691 0 -10.04987562)
(692 0 -10.04987562)
(693 0 -10.04987562)
(694 0 -10.04987562)
(695 0 -10.04987562)
(696 0 -10.04987562)
(697 0 -10.04987562)
(698 0 -10.04987562)
(699 0 -10.04987562)
(700 0 -10.04987562)
(701 0 -10.04987562)
(702 0 -10.04987562)
(703 0 -10.04987562)
(704 0 -10.04987562)
(705 0 -10.04987562)
(706 0 -10.04987562)
(707 0 -10.04987562)
(708 0 -10.04987562)
(709 0 -10.04987562)
(710 0 -10.04987562)
(711 0 -10.04987562)
(712 0 -10.04987562)
(713 0 -10.04987562)
(714 0 -10.04987562)
(715 0 -10.04987562)
(716 0 -10.04987562)
(717 0 -10.04987562)
(718 0 -10.04987562)
(719 0 -10.04987562)
(720 0 -10.04987562)
(721 0 -10.04987562)
(722 0 -10.04987562)
(723 0 -10.04987562)
(724 0 -10.04987562)
(725 0 -10.04987562)
(726 0 -10.04987562)
(727 0 -10.04987562)
(728 0 -10.04987562)
(729 0 -10.04987562)
(730 0 -10.04987562)
(731 0 -10.04987562)
(732 0 -10.04987562)
(733 0 -10.04987562)
(734 0 -10.04987562)
(735 0 -10.04987562)
(736 0 -10.04987562)
(737 0 -10.04987562)
(738 0 -10.04987562)
(739 0 -10.04987562)
(740 0 -10.04987562)
(741 0 -10.04987562)
(742 0 -10.04987562)
(743 0 -10.04987562)
(744 0 -10.04987562)
(745 0 -10.04987562)
(746 0 -10.04987562)
(747 0 -10.04987562)
(748 0 -10.04987562)
(749 0 -10.04987562)
(750 0 -10.04987562)
(751 0 -10.04987562)
(752 0 -10.04987562)
(753 0 -10.04987562)
(754 0 -10.04987562)
(755 0 -10.04987562)
(756 0 -10.04987562)
(757 0 -10.04987562)
(758 0 -10.04987562)
(759 0 -10.04987562)
(760 0 -10.04987562)
(761 0 -10.04987562)
(762 0 -10.04987562)
(763 0 -10.04987562)
(764 0 -10.04987562)
(765 0 -10.04987562)
(766 0 -10.04987562)
(767 0 -10.04987562)
(768 0 -10.04987562)
(769 0 -10.04987562)
(770 0 -10.04987562)
(771 0 -10.04987562)
(772 0 -10.04987562)
(773 0 -10.04987562)
(774 0 -10.04987562)
(775 0 -10.04987562)
(776 0 -10.04987562)
(777 0 -10.04987562)
(778 0 -10.04987562)
(779 0 -10.04987562)
(780 0 -10.04987562)
(781 0 -10.04987562)
(782 0 -10.04987562)
(783 0 -10.04987562)
(784 0 -10.04987562)
(785 0 -10.04987562)
(786 0 -10.04987562)
(787 0 -10.04987562)
(788 0 -10.04987562)
(789 0 -10.04987562)
(790 0 -10.04987562)
(791 0 -10.04987562)
(792 0 -10.04987562)
(793 0 -10.04987562)
(794 0 -10.04987562)
(795 0 -10.04987562)
(796 0 -10.04987562)
(797 0 -10.04987562)
(798 0 -10.04987562)
(799 0 -10.04987562)
(800 0 -10.04987562)
(801 0 -10.04987562)
(802 0 -10.04987562)
(803 0 -10.04987562)
(804 0 -10.04987562)
(805 0 -10.04987562)
(806 0 -10.04987562)
(807 0 -10.04987562)
(808 0 -10.04987562)
(809 0 -10.04987562)
(810 0 -10.04987562)
(811 0 -10.04987562)
(812 0 -10.04987562)
(813 0 -10.04987562)
(814 0 -10.04987562)
(815 0 -10.04987562)
(816 0 -10.04987562)
(817 0 -10.04987562)
(818 0 -10.04987562)
(819 0 -10.04987562)
(820 0 -10.04987562)
(821 0 -10.04987562)
(822 0 -10.04987562)
(823 0 -10.04987562)
(824 0 -10.04987562)
(825 0 -10.04987562)
(826 0 -10.04987562)
(827 0 -10.04987562)
(828 0 -10.04987562)
(829 0 -10.04987562)
(830 0 -10.04987562)
(831 0 -10.04987562)
(832 0 -10.04987562)
(833 0 -10.04987562)
(834 0 -10.04987562)
(835 0 -10.04987562)
(836 0 -10.04987562)
(837 0 -10.04987562)
(838 0 -10.04987562)
(839 0 -10.04987562)
(840 0 -10.04987562)
(841 0 -10.04987562)
(842 0 -10.04987562)
(843 0 -10.04987562)
(844 0 -10.04987562)
(845 0 -10.04987562)
(846 0 -10.04987562)
(847 0 -10.04987562)
(848 0 -10.04987562)
(849 0 -10.04987562)
(850 0 -10.04987562)
(851 0 -10.04987562)
(852 0 -10.04987562)
(853 0 -10.04987562)
(854 0 -10.04987562)
(855 0 -10.04987562)
(856 0 -10.04987562)
(857 0 -10.04987562)
(858 0 -10.04987562)
(859 0 -10.04987562)
(860 0 -10.04987562)
(861 0 -10.04987562)
(862 0 -10.04987562)
(863 0 -10.04987562)
(864 0 -10.04987562)
(865 0 -10.04987562)
(866 0 -10.04987562)
(867 0 -10.04987562)
(868 0 -10.04987562)
(869 0 -10.04987562)
(870 0 -10.04987562)
(871 0 -10.04987562)
(872 0 -10.04987562)
(873 0 -10.04987562)
(874 0 -10.04987562)
(875 0 -10.04987562)
(876 0 -10.04987562)
(877 0 -10.04987562)
(878 0 -10.04987562)
(879 0 -10.04987562)
(880 0 -10.04987562)
(881 0 -10.04987562)
(882 0 -10.04987562)
(883 0 -10.04987562)
(884 0 -10.04987562)
(885 0 -10.04987562)
(886 0 -10.04987562)
(887 0 -10.04987562)
(888 0 -10.04987562)
(889 0 -10.04987562)
(890 0 -10.04987562)
(891 0 -10.04987562)
(892 0 -10.04987562)
(893 0 -10.04987562)
(894 0 -10.04987562)
(895 0 -10.04987562)
(896 0 -10.04987562)
(897 0 -10.04987562)
(898 0 -10.04987562)
(899 0 -10.04987562)
(900 0 -10.04987562)
(901 0 -10.04987562)
(902 0 -10.04987562)
(903 0 -10.04987562)
(904 0 -10.04987562)
(905 0 -10.04987562)
(906 0 -10.04987562)
(907 0 -10.04987562)
(908 0 -10.04987562)
(909 0 -10.04987562)
(910 0 -10.04987562)
(911 0 -10.04987562)
(912 0 -10.04987562)
(913 0 -10.04987562)
(914 0 -10.04987562)
(915 0 -10.04987562)
(916 0 -10.04987562)
(917 0 -10.04987562)
(918 0 -10.04987562)
(919 0 -10.04987562)
(920 0 -10.04987562)
(921 0 -10.04987562)
(922 0 -10.04987562)
(923 0 -10.04987562)
(924 0 -10.04987562)
(925 0 -10.04987562)
(926 0 -10.04987562)
(927 0 -10.04987562)
(928 0 -10.04987562)
(929 0 -10.04987562)
(930 0 -10.04987562)
(931 0 -10.04987562)
(932 0 -10.04987562)
(933 0 -10.04987562)
(934 0 -10.04987562)
(935 0 -10.04987562)
(936 0 -10.04987562)
(937 0 -10.04987562)
(938 0 -10.04987562)
(939 0 -10.04987562)
(940 0 -10.04987562)
(941 0 -10.04987562)
(942 0 -10.04987562)
(943 0 -10.04987562)
(944 0 -10.04987562)
(945 0 -10.04987562)
(946 0 -10.04987562)
(947 0 -10.04987562)
(948 0 -10.04987562)
(949 0 -10.04987562)
(950 0 -10.04987562)
(951 0 -10.04987562)
(952 0 -10.04987562)
(953 0 -10.04987562)
(954 0 -10.04987562)
(955 0 -10.04987562)
(956 0 -10.04987562)
(957 0 -10.04987562)
(958 0 -10.04987562)
(959 0 -10.04987562)
(960 0 -10.04987562)
(961 0 -10.04987562)
(962 0 -10.04987562)
(963 0 -10.04987562)
(964 0 -10.04987562)
(965 0 -10.04987562)
(966 0 -10.04987562)
(967 0 -10.04987562)
(968 0 -10.04987562)
(969 0 -10.04987562)
(970 0 -10.04987562)
(971 0 -10.04987562)
(972 0 -10.04987562)
(973 0 -10.04987562)
(974 0 -10.04987562)
(975 0 -10.04987562)
(976 0 -10.04987562)
(977 0 -10.04987562)
(978 0 -10.04987562)
(979 0 -10.04987562)
(980 0 -10.04987562)
(981 0 -10.04987562)
(982 0 -10.04987562)
(983 0 -10.04987562)
(984 0 -10.04987562)
(985 0 -10.04987562)
(986 0 -10.04987562)
(987 0 -10.04987562)
(988 0 -10.04987562)
(989 0 -10.04987562)
(990 0 -10.04987562)
(991 0 -10.04987562)
(992 0 -10.04987562)
(993 0 -10.04987562)
(994 0 -10.04987562)
(995 0 -10.04987562)
(996 0 -10.04987562)
(997 0 -10.04987562)
(998 0 -10.04987562)
(999 0 -10.04987562)
)


// ************************************************************************* //
