/*--------------------------------*- C++ -*----------------------------------*\
| =========                 |                                                 |
| \\      /  F ield         | OpenFOAM: The Open Source CFD Toolbox           |
|  \\    /   O peration     | Version:  2.4.0                                 |
|   \\  /    A nd           | Web:      www.OpenFOAM.org                      |
|    \\/     M anipulation  |                                                 |
\*---------------------------------------------------------------------------*/
FoamFile
{
    version     2.0;
    format      ascii;
    class       volScalarField;
    location    "0";
    object      h;
}
// * * * * * * * * * * * * * * * * * * * * * * * * * * * * * * * * * * * * * //

dimensions      [0 1 0 0 0 0 0];

internalField   nonuniform List<scalar> 
1000
(
10
10
10
10
10
10
10
10
10
10
10
10
10
10
10
10
10
10
10
10
10
10
10
10
10
10
10
10
10
10
10
10
10
10
10
10
10
10
10
10
10
10
10
10
10
10
10
10
10
10
10
10
10
10
10
10
10
10
10
10
10
10
10
10
10
10
10
10
10
10
10
10
10
10
10
10
10
10
10
10
10
10
10
10
10
10
10
10
10
10
10
10
10
10
10
10
10
10
10
10
10
10
10
10
10
10
10
10
10
10
10
10
10
10
10
10
10
10
10
10
10
10
10
10
10
10
10
10
10
10
10
10
10
10
10
10
10
10
10
10
10
10
10
10
10
10
10
10
10
10
10
10
10
10
10
10
10
10
10
10
10
10
10
10
10
10
10
10
10
10
10
10
10
10
10
10
10
10
10
10
10
10
10
10
10
10
10
10
10
10
10
10
10
10
10
10
10
10
10
10
10
10
10
10
10
10
10
10
10
10
10
10
10
10
10
10
10
10
10
10
10
10
10
10
10
10
10
10
10
10
10
10
10
10
10
10
10
10
10
10
10
10
10
10
10
10
10
10
10
10
10
10
10
10
10
10
10
10
10
10
10
10
10
10
10
10
10
10
10
10
10
10
10
10
10
10
10
10
10
10
10
10
10
10
10
10
10
10
10
10
10
10
10
10
10
10
10
10
10
10
9.99994
9.99944
9.99846
9.99698
9.99501
9.99255
9.98961
9.98618
9.98228
9.9779
9.97304
9.96772
9.96194
9.9557
9.94901
9.94188
9.93431
9.92632
9.9179
9.90907
9.89984
9.89021
9.8802
9.86981
9.85906
9.84796
9.83651
9.82472
9.81262
9.80021
9.7875
9.77451
9.76125
9.74773
9.73396
9.71997
9.70576
9.69134
9.67674
9.66196
9.64702
9.63194
9.61672
9.60139
9.58596
9.57045
9.55486
9.53923
9.52355
9.50785
9.49214
9.47645
9.46077
9.44513
9.42955
9.41403
9.3986
9.38327
9.36806
9.35298
9.33804
9.32326
9.30866
9.29424
9.28003
9.26603
9.25227
9.23875
9.22549
9.2125
9.19979
9.18738
9.17527
9.16349
9.15204
9.14093
9.13018
9.11979
9.10978
9.10016
9.09092
9.08209
9.07368
9.06568
9.05812
9.05098
9.0443
9.03806
9.03228
9.02696
9.0221
9.01772
9.01381
9.01039
9.00744
9.00499
9.00302
9.00154
9.00055
9.00006
9.00006
9.00056
9.00154
9.00302
9.00499
9.00745
9.01039
9.01382
9.01772
9.0221
9.02696
9.03228
9.03806
9.0443
9.05099
9.05812
9.06569
9.07368
9.0821
9.09093
9.10016
9.10979
9.1198
9.13019
9.14094
9.15205
9.1635
9.17528
9.18738
9.19979
9.2125
9.22549
9.23875
9.25227
9.26604
9.28003
9.29425
9.30866
9.32327
9.33805
9.35299
9.36807
9.38328
9.39861
9.41404
9.42956
9.44514
9.46078
9.47645
9.49215
9.50786
9.52356
9.53923
9.55487
9.57046
9.58597
9.6014
9.61673
9.63194
9.64703
9.66196
9.67674
9.69135
9.70576
9.71997
9.73397
9.74774
9.76126
9.77452
9.78751
9.80021
9.81263
9.82473
9.83651
9.84796
9.85907
9.86982
9.88021
9.89022
9.89985
9.90908
9.91791
9.92632
9.93432
9.94189
9.94902
9.9557
9.96194
9.96772
9.97304
9.9779
9.98228
9.98619
9.98961
9.99256
9.99501
9.99698
9.99846
9.99944
9.99994
10
10
10
10
10
10
10
10
10
10
10
10
10
10
10
10
10
10
10
10
10
10
10
10
10
10
10
10
10
10
10
10
10
10
10
10
10
10
10
10
10
10
10
10
10
10
10
10
10
10
10
10
10
10
10
10
10
10
10
10
10
10
10
10
10
10
10
10
10
10
10
10
10
10
10
10
10
10
10
10
10
10
10
10
10
10
10
10
10
10
10
10
10
10
10
10
10
10
10
10
10
10
10
10
10
10
10
10
10
10
10
10
10
10
10
10
10
10
10
10
10
10
10
10
10
10
10
10
10
10
10
10
10
10
10
10
10
10
10
10
10
10
10
10
10
10
10
10
10
10
10
10
10
10
10
10
10
10
10
10
10
10
10
10
10
10
10
10
10
10
10
10
10
10
10
10
10
10
10
10
10
10
10
10
10
10
10
10
10
10
10
10
10
10
10
10
10
10
10
10
10
10
10
10
10
10
10
10
10
10
10
10
10
10
10
10
10
10
10
10
10
10
10
10
10
10
10
10
10
10
10
10
10
10
10
10
10
10
10
10
10
10
10
10
10
10
10
10
10
10
10
10
10
10
10
10
10
10
10
10
10
10
10
10
10
10
10
10
10
10
10
10
10
10
10
10
10
10
10
10
10
10
10
10
10
10
10
10
10
10
10
10
10
10
10
10
10
10
10
10
10
10
10
10
10
10
10
10
10
10
10
10
10
10
10
10
10
10
10
10
10
10
10
10
10
10
10
10
10
10
10
10
10
10
10
10
10
10
10
10
10
10
10
10
10
10
10
10
10
10
10
10
10
10
10
10
10
10
10
10
10
10
10
10
10
10
10
10
10
10
10
10
10
10
10
10
10
10
10
10
10
10
10
10
10
10
10
10
10
10
10
10
10
10
10
10
10
10
10
10
10
10
10
10
10
10
10
10
10
10
10
10
10
10
10
10
10
10
10
10
10
10
10
10
10
10
10
10
10
10
10
10
10
10
10
10
10
10
10
10
10
10
10
10
10
10
10
10
10
10
10
10
10
10
10
10
10
10
10
10
10
10
10
10
10
10
10
10
10
10
10
10
10
10
10
10
10
10
10
10
10
10
10
10
10
10
10
10
10
10
10
10
10
10
10
10
10
10
10
10
)
;

boundaryField
{
    sides
    {
        type            zeroGradient;
    }
    outlet
    {
        type            fixedValue;
        value           uniform 10;
    }
    inlet
    {
        type            zeroGradient;
    }
    frontandback
    {
        type            empty;
    }
}


// ************************************************************************* //
